nodes 100
303 2225 1336 1765 1578 417 246 1794 370 1061 2339 969 388 943 2348 2007 2388 581 1993 1280 2142 1543 196 54 172
1741 2170 983 861 1085 1505 1330 547 1416 1727 923 1436 1548 1223 398 955 714 1322 456 1620 845 2017 178 142 0
2201 1668 2221 793 518 857 2015 418 1780 2391 1055 574 2367 1537 578 1837 522 1591 400 80 2432 886 275 124 0 0
1429 595 2333 1771 507 1370 996 1129 681 696 2080 1471 290 2238 1468 1283 1051 2219 1368 1081 1246 191 91 2 0
722 1976 817 985 1772 1010 1567 814 1544 1293 1869 843 2044 1315 840 1708 1694 1962 852 1590 1970 1723 1159 79 30 0
1658 316 893 1773 1613 2327 1877 2148 2026 273 1020 1287 2135 481 2274 2028 355 1146 2319 88 2206 1920 339 712 0
722 1957 2055 1396 2375 218 554 1015 472 1410 1826 1880 376 1805 283 580 1353 2173 884 579 479 2265 5 1281 0 0
1339 1464 1883 1411 1294 1408 922 1990 1132 1524 2248 2112 1233 229 642 1009 2346 728 1418 1278 920 932 705 2329 0 0
1999 375 791 1804 1214 2230 1324 2034 1612 238 662 919 1709 446 550 1842 1079 359 1784 1992 660 1067 116 804 0
2411 597 1318 698 914 836 2013 1787 2379 419 1593 1226 2174 1321 799 2146 1623 86 2359 2091 1406 502 855 39 0
2422 357 1906 197 677 1558 334 319 1170 1188 2022 1609 1375 1540 1060 292 495 570 493 768 1713 202 611 1027 0
2426 594 1162 1764 1752 562 1888 476 992 787 500 1984 2324 1092 2083 1701 1830 668 1559 2420 422 1234 1472 2378 0
1758 438 1669 651 1836 2119 1450 432 713 1521 650 824 1954 688 1995 1013 1263 199 1253 1799 2120 146 47 363 0 0 0
1741 1751 1688 1769 939 1512 760 1360 1500 1033 1255 652 2099 2188 1966 624 282 131 2197 1124 925 1504 1580 948 0 0
1758 1657 1667 1759 1210 1089 2089 1120 1301 261 411 2016 1279 1595 441 2240 2185 643 671 356 536 2066 2195 1206 0 0 0
1979 2404 1665 1768 1556 2287 221 1824 822 1988 1705 1224 382 1405 2090 1192 1088 467 1034 645 1148 546 12 1615 0 0 0
303 2046 183 2296 1213 1065 1401 2191 1478 2157 831 1562 1275 2012 1675 1876 1642 1066 1793 1179 1531 1131 14 2001 0 0
1661 1579 1262 1762 1215 1791 2254 494 1647 509 1328 2437 1820 392 2161 2027 2092 1996 2183 1823 2229 2323 24 13 0
1339 1904 1760 377 2263 1944 1444 2145 723 1900 828 2211 850 921 482 279 2047 322 2184 805 526 97 112 0 0 0
1979 2404 945 1774 1568 326 2236 1974 912 765 514 1702 951 1535 1430 1087 1374 977 173 941 1023 1848 70 336 0 0 0
1659 1463 1334 1761 2300 485 682 2387 1483 1169 1438 2096 1895 2036 1815 1648 1874 1382 1674 1021 1522 2428 609 110 0
2224 1460 2345 1317 589 1140 669 684 1941 1584 1779 380 2291 469 2418 2343 2064 1703 555 1632 735 76 180 89 0 0
2285 1465 1913 1767 1006 2189 539 1363 2059 2087 2114 1312 1004 1367 1509 965 942 2042 1205 2269 649 908 1486 181 0
2037 592 1788 2341 1553 1086 1494 1685 900 1653 792 1570 1608 1753 2295 1749 532 1388 1734 990 989 1456 1569 126 0
1332 2045 8 1770 2312 1777 1651 2079 1802 757 1427 548 2199 764 304 2392 1707 1682 743 52 848 1640 2361 156 0 0
1273 993 1914 2261 1072 1264 2190 967 2192 916 1507 1415 1291 284 1897 480 675 2024 1175 421 1932 1618 100 403 0
2424 1364 1911 1763 711 2039 744 1839 665 771 520 904 484 747 2242 1276 1011 440 2033 18 1329 820 41 203 0
1361 598 176 1257 1821 1721 1488 1062 487 331 1863 1717 551 513 295 1931 1671 1142 2058 1136 2021 2031 115 1151 0
2423 1191 1901 2136 2342 1838 1508 1782 872 1277 610 2228 615 1232 1029 726 2239 1865 1217 1807 995 703 772 1722 0
2224 1458 1909 2340 1211 604 944 2121 818 1594 1049 285 1390 1636 1695 1197 323 2122 1775 2035 57 149 46 2133 0 0
1332 1664 1905 1307 974 1167 1152 754 658 2262 1810 1245 1627 2075 2276 1961 1420 778 2364 802 636 38 462 177 0 0
2425 1090 653 1017 1643 2419 1453 827 1502 1155 496 2005 961 1926 1938 1879 230 1898 926 2290 1538 81 1421 153 0
987 141 1174 806 1834 1875 1991 361 1371 393 2063 1969 2372 1096 606 1138 2433 1373 17 1922 1466 98 1942 501 0
1666 1384 1910 976 1840 258 1560 700 2203 1745 280 620 228 670 2315 571 1510 239 1484 159 2241 395 2397 1350 0
2224 1459 1349 686 217 968 2129 979 310 2413 1218 871 909 601 367 1474 605 327 444 1063 1141 489 117 1592 0 0
1660 1541 2396 64 1267 29 823 586 1448 692 1633 708 1270 1266 1168 1729 1064 1183 856 1935 1843 756 90 2009 0
2421 1461 1903 43 134 318 1915 761 1916 309 676 358 1583 1635 1649 2081 2003 1968 2019 2266 685 1403 145 103 0
777 490 2018 2085 399 1163 409 1204 2149 406 1052 1026 320 2057 786 537 1866 2318 960 374 1100 1673 389 4 0
2399 593 1907 590 612 2336 715 2264 237 1121 2439 1596 1194 515 1355 530 2156 833 1443 1014 1603 2065 102 161 0
1145 957 352 207 718 1327 704 365 1018 1122 1803 1126 784 801 543 1686 1176 470 1316 1687 1533 2233 1038 402 1309
1104 1227 346 214 959 2141 1445 478 1530 830 2249 2351 1431 1479 1022 780 1955 1696 1852 2440 2186 252 504 1392 1731
1110 250 347 209 1 851 1890 1008 307 1305 753 727 2314 1629 1529 1412 2143 2097 2210 568 108 737 1386 1789 3
2407 738 353 15 155 739 407 414 1499 1552 1626 2217 789 1489 1298 821 263 69 1252 935 436 2400 1482 2363 9
1108 2107 343 1357 1475 1872 2023 1619 1394 1850 2358 905 881 1381 83 1240 405 27 371 286 1385 1028 2198 2207 150
521 2108 345 211 2169 1288 1319 1493 1516 2178 769 1449 825 2405 2127 779 301 542 616 1134 2125 1258 2078 1811 111
1116 2109 349 212 1000 1918 2307 1597 2245 1225 544 1967 1099 758 915 1586 1059 492 281 618 1747 249 1058 617 75
461 1528 340 210 2166 2281 680 2163 2316 1185 1250 1917 631 2376 2038 906 1989 311 1165 2401 600 1720 433 335 160
1117 1069 350 208 2167 1271 637 2434 897 1621 1259 2051 1983 1605 332 1891 693 1755 1953 533 1135 118 1645 66 49
1107 657 348 2258 1181 2435 315 2076 898 797 930 573 220 234 1098 2288 1193 622 2227 1965 2098 627 175 751 20
1112 1919 351 206 716 1634 378 1407 742 2380 1637 557 2054 1476 1724 664 1501 1518 109 1133 1598 23 2430 528 25
1118 473 71 2256 2172 635 1143 1285 1323 1076 699 1238 628 1624 2048 1269 2283 2020 1300 2237 306 656 243 1046 302
1106 2104 341 213 1650 1937 1952 1930 1862 1737 1056 1527 997 800 927 1808 298 488 1825 962 934 1362 426 1846 1451
1320 630 344 2259 1571 2067 1212 553 2403 2234 1925 2115 1093 329 1161 2384 874 634 2179 639 975 1792 1219 2365 1878
2408 272 1342 663 1638 386 679 1284 524 534 2270 540 971 1454 293 270 1409 1228 1358 1154 1359 746 1864 151 2154
2084 1356 1340 2257 2164 575 2147 1554 1706 450 430 1054 1268 1672 390 1452 1958 1610 667 1831 2052 1492 2159 1150 128
1859 1297 2223 2151 1576 991 267 1383 219 1435 1400 1601 2275 729 1166 1986 369 130 1031 56 165 1946 59 1933 129 0
1980 1683 127 215 889 466 938 842 1835 1684 1994 2128 447 678 1557 2267 724 269 1735 251 51 2068 1251 198 33 0
1859 2349 1325 1326 2371 1397 1513 1292 383 508 2320 964 1272 253 2093 641 1426 584 2362 297 125 917 503 82 192 0
853 1209 1333 384 512 312 752 1699 1639 888 565 1235 1997 1248 1139 1045 1742 1237 189 1369 464 683 1520 1860 147
423 2222 1341 360 1964 1019 1202 2286 876 1424 826 2308 2071 1581 1744 2331 2208 1641 427 1806 401 591 1481 61 101
2393 1908 1338 2255 1577 1574 2134 1467 1306 1710 1053 1048 1156 2305 437 262 583 2272 1345 2311 1391 973 2302 2292 55
1105 2106 2144 2204 2165 972 936 2398 1698 2006 1419 1622 1628 387 1003 1012 1127 313 2000 773 1565 1346 107 1043 73
2077 2193 1254 36 2137 531 1180 566 256 841 1525 2325 2162 883 2117 2293 2385 1884 1440 1299 2218 1457 434 1813 168
587 1247 204 719 1778 1311 2366 1704 1221 1437 1700 260 408 1274 576 648 733 2069 2060 2243 1422 1816 903 2394 35
1462 878 596 721 1573 1998 99 2025 1940 2088 2113 497 588 1551 1236 276 1125 1199 1186 486 1832 2072 1172 16 26
599 1945 980 2297 2171 759 271 816 2002 1249 2123 439 1387 137 1588 1094 1732 1887 84 1344 2086 105 1738 182 87 0
1109 1417 1644 1376 2168 569 1123 1441 317 248 633 1075 1746 707 2041 1828 2132 2301 278 1776 135 794 2175 1157 171
2406 2226 1337 1934 1101 1256 1503 2373 810 2334 1678 1871 1242 1195 808 1785 1936 1697 2427 1303 766 268 552 2095 21
190 865 1480 2182 1378 2289 1532 1604 2251 1856 1389 1082 1282 1414 1189 844 2209 2200 732 1617 1855 1078 1398 373 194
1978 1766 2260 887 2160 222 1469 1007 1947 1241 506 691 891 928 918 1005 505 1047 1851 560 330 2354 1631 104 31
2130 924 860 2299 226 1730 2070 813 1446 1536 629 519 1677 1783 585 687 299 741 1230 2416 837 644 193 425 28 0
1912 1111 720 1814 545 2431 1833 247 2050 1929 1939 1506 1892 1973 1190 174 468 308 2053 1073 970 2321 65 62 0 0 0
205  1351 424 2370 1582 839 37 1016 901 2294 2356 2368 1070 623 1630 978 899 1137 235 2369 819 231 72 68 0 0
1980 2102 950 2298 1196 2062 1149 666 1681 541 491 300 725 1715 1201 2153 807 1425 946 1490 1413 998 1200 187 157
1114 1797 1844 92 603 1198 529 1380 2215 1231 2014 750 244 1304 798 1948 477 873 785 894 1960 1564 366 2277 158
1119 559 1680 1971 632 416 2429 255 736 694 1171 1074 1244 2278 2011 1216 2152 2246 1854 2332 776 952 2140 1712 185
1113 2110 1600 1963 875 755 1867 638 1222 511 1858 1817 2273 385 1714 701 1002 1801 879 1849 1827 525 1949 1485 144
205 1982 2250 162 1602 1566 880 1691 1496 1923 114 614 1365 2390 442 2232 1927 835 1044 1128 795 2116 913 1030 19 0
321 1662 50 999 1208 2094 1095 2268 1587 2353 535 621 1786 1692 1352 410 2279 245 1845 659 63 882 647 1599 188 0
2130 1115 120 866 717 774 1514 1071 2386 232 940 1432 2030 2328 1754 463 809 429 2124 1178 1032 1447 121 2383 167 0
1812 2220 966 216 2074 412 2280 1690 963 1511 523 1546 937 460 2043 1470 184 225 404 1985 2381 1899 166 259 139
1912 1555 982 868 1575 1439 1173 241 465 2155 1177 2309 907 1393 2158 1442 582 266 1097 731 483 2231 7 138 93 0 0
599 655 342 394 428 2415 1423 2118 1739 1822 929 602 1868 396 2073 549 499 1077 1625 498 1652 1025 1689 152 34
896 85 22 858 1886 695 2176 783 1404 1428 274 1585 1302 781 1857 224 613 1829 2194 201 1495 763 1491 123 119
2100 767 435 451 148 1725 1550 1080 849 458 2436 233 325 2402 1102 1545 892 2310 734 895 154 10 689 890 186
2417 1656 847 863 1229 690 1679 1160 2212 2126 1220 1539 2010 646 811 1975 885 954 796 471 2322 1614 2111 443 60 0
1037 2103 1654 672 673 1379 328 1561 775 654 1563 2180 1158 1894 1024 2326 1498 1497 314 368 577 2177 607 1296 77
321 333 1042 452 78 1611 1310 790 1943 1515 264 1750 2313 2282 457 1956 2040 2216 1795 1534 1091 74 947 2338 40 0
2417 1977 2056 455 397 697 1873 558 1265 1748 829 661 1057 474 1455 1473 710 803 240 563 2271 1144 1164 1050 42 0
510 1733 1893 867 740 572 911 2247 2181 338 296 448 1809 730 1959 517 1607 1646 1001 1261 391 431 2335 815 179
1757 1616 2049 454 372 2205 1861 953 745 242 459 2214 415 1286 834 44 163 516 2008 2330 1885 265 1781 1921 200
277 294 1335 870 1207 1716 2357 1348 1790 1103 1798 567 1928 1800 1853 1547 1039 832 1182 1068 674 1743 1549 2202 195
956 113 1343 869 379 2029 564 2337 2352 1870 2317 1036 2344 2395 2139 2350 1740 67 2389 1693 1726 2138 2409 48 133
1399 2105 988 862 1372 413 1187 291 762 1987 709 1523 1239 749 788 236 2187 1041 846 994 2374 324 143 812 95
2201 527 1950 453 1526 877 1606 1260 1184 287 1377 706 1718 1972 1487 364 538 1819 1314 1847 1433 32 770 1153 136 0
1902 1663 981 106 2082 1243 2213 289 2032 838 2412 556 2360 949 1719 1289 1203 2061 1736 2355 1841 449 1676 2235 96 0
1902 1670 984 1756 1572 782 445 1308 337 561 1295 2196 2382 2131 1924 1881 1130 2377 1084 381 1589 1040 2004 227 45 0
354 1981 1711 2253 859 11 1728 931 1477 475 854 902 933 254 1083 2150 1889 1542 6 2410 305 640 1395 122 58 53
354 702 2101 986 864 420 362 2306 608 2252 910 2303 1796 1896 2347 1402 1331 958 1517 2414 2304 288 626 1951 170 94
1979 1655 1818 1347 169 2244 1035 2438 1434 748 1290 1354 1313 1882 625 619 2284 223 1366 1147 257 1519 140 132 164 0

multinodes 3
2224 1979

multinodes 2
1339 1912 1332 1758 1902 599 1980 205 722 354 2417 2201 2404 1741 303 321 2130 1859

