nodes 100
109 246 548 45 616 122 92 0 0
183 290 492 269 601 36 0
39 217 536 102 126 508 0 0
412 279 211 334 613 634 453 0
344 347 331 475 99 141 436
138 142 459 557 264 596 366
109 246 329 465 32 13 156 0 0
166 194 660 522 581 572 428
107 105 427 458 127 574 429
83 280 186 184 317 641 42
435 199 554 314 650 104 18
170 371 208 220 137 169 162
321 209 438 558 62 16 128 0
412 383 218 223 532 477 328 0
340 133 204 625 24 603 312 0 0
132 206 187 19 640 526 125 0
132 2 292 579 562 242 425 0 0 
46 493 189 495 611 599 155
134 76 231 405 620 411 327
305 139 471 608 12 506 43
249 313 258 335 615 605 205
188 244 278 580 586 598 41
321 449 376 518 361 68 157 0
247 372 232 582 98 494 165
354 362 487 478 469 485 277 0
132 239 333 78 54 185 26 0
407 130 252 454 307 606 175
3 31 121 468 17 399 330
10 404 228 289 523 561 59
214 207 545 287 628 491 89
167 456 192 472 654 274 93
50 219 25 584 37 316 160
148 422 323 590 486 612 163
182 110 455 212 391 5 87
254 61 251 638 357 432 179
403 297 627 476 673 358 322
263 120 152 592 145 378 390
257 9 265 657 198 467 363
21 299 400 364 621 645 176 0
226 441 524 57 513 644 158 0
241 587 202 348 553 444 60
450 222 238 551 594 666 171
296 123 483 648 607 100 195
216 72 659 672 533 85 174 0
304 240 245 215 510 480 111
35 288 367 597 75 619 103 0
153 431 442 276 527 593 52 0
7 379 243 560 96 213 180
310 352 283 281 149 500 291
354 267 629 177 517 433 374 0 0  
306 401 260 623 664 576 451 0
226 144 655 355 658 161 51 0
370 301 181 70 201 151 424
237 28 396 30 394 365 566 0
147 106 284 200 502 342 671 0
20 173 77 47 22 632 4
124 66 319 539 88 544 15
302 293 48 81 140 457 528
256 430 360 315 519 573 498
237 285 482 350 614 564 395 0
377 253 416 295 351 647 649
146 135 23 565 604 501 653
445 71 353 413 602 97 504 0 0
440 665 272 437 541 67 668
306 393 631 420 338 595 113 0
168 159 514 556 154 609 462
346 380 546 583 470 373 570
248 210 150 588 172 337 191 0 0
236 190 56 563 661 447 499
118 82 408 547 663 610 670
153 233 359 86 535 511 434 0
384 79 345 385 443 34 270
445 71 392 406 667 63 484 0 0
419 268 669 64 529 119 555
294 225 27 534 630 112 512
21 414 525 642 537 40 568 0
248 210 90 559 336 635 101 0 0
65 426 489 221 464 255 224 0
409 73 229 624 503 250 474
343 230 639 542 382 496 452
326 339 446 415 577 656 652 0
216 193 402 303 143 473 549 0
326 80 286 410 540 466 117 0
35 6 460 521 74 636 567 0
53 8 318 84 266 164 543
39 44 298 463 178 375 538
65 129 38 509 622 115 531 0
398 332 389 203 481 271 589
282 108 275 626 585 651 637
340 133 552 94 91 368 116 0 0
356 418 1 95 369 571 662
235 58 349 386 646 516 448
309 388 520 633 618 617 578 0
234 273 300 439 575 261 479
423 387 259 33 308 262 530
147 196 591 11 227 569 497
324 55 325 507 381 114 14
309 311 488 643 550 600 197 0
421 397 341 320 515 69 29
417 49 136 490 505 461 131

multinodes 3
132

multinodes 2
340 354 445 109 309 153 248 65 35 226 210 306 412 326 321 246 39 237 71 147 133 216 21

