nodes 50
1741 2408 316 1616 1893 43 1768 36 1578 635 417 1143 246 1285 1794 1323 370 1076 1061 699 2339 1238 969 628 388 1624 943 2048 2348 1808 955 2283 2388 2020 581 1300 1993 2237 1620 934 2142 1362 2017 426 196 1846 142 302 172
2285 1112 2170 767 2260 1349 862 2204 1085 1937 1505 1952 1330 1930 547 1862 1416 1737 1727 1056 923 1527 1436 997 1548 800 1223 927 398 1269 2007 298 714 488 1322 1825 456 962 1280 306 845 656 1543 243 178 1046 54 1451 0
1999 461 183 141 127 64 1762 2297 518 2067 857 1212 2015 553 418 2403 1780 2234 2391 1925 1055 2115 574 1093 2367 329 1537 1161 578 2384 1837 874 522 634 1591 2179 400 639 80 975 2432 1792 886 1219 275 2365 124 1878 0
1902 1812 85 490 1342 1770 1971 1638 507 386 1370 679 996 1284 1129 524 681 534 696 2270 2080 540 1471 971 290 1454 2238 293 1468 270 1283 1409 1051 1228 2219 1358 1368 1154 1081 1359 1246 746 191 1864 91 151 2 2154 0
1758 1657 957 597 1341 2341 2298 2164 1010 575 1567 2147 814 1554 1544 1706 1293 450 1869 430 843 1054 2044 1268 1315 1672 840 390 1708 1452 1694 1958 1962 1610 852 667 1590 1831 1970 2052 1723 1492 1159 2159 79 1150 30 128 0
1332 1663 1919 592 1333 1767 2182 889 1613 991 2327 267 1877 1383 2148 219 2026 1435 273 1400 1020 1601 1287 2275 2135 729 481 1166 2274 1986 2028 369 355 130 1146 1031 2319 56 88 165 2206 1946 1920 59 339 1933 712 129 0
1912 1670 1247 1090 1340 1317 1376 1576 2375 466 218 938 554 842 1015 1835 472 1684 1410 1994 1826 2128 1880 447 376 678 1805 1557 283 2267 580 724 1353 269 2173 1735 884 251 579 51 479 2068 2265 1251 5 198 1281 33 0
2424 1116 1733 2102 981 2018 197 959 2371 1294 1397 1408 1513 922 1292 1990 383 1132 508 1524 2320 2248 964 2112 1272 1233 253 229 2093 642 641 1009 1426 2346 584 728 2362 1418 297 1278 125 920 917 932 503 705 82 2329 192
1273 1115 1042 2056 435 1913 1772 718 512 1214 312 2230 752 1324 1699 2034 1639 1612 888 238 565 662 1235 919 1997 1709 1248 446 1139 550 1045 1842 1742 1079 1237 359 189 1784 1369 1992 464 660 591 1067 1481 116 61 804 101
2411 277 2221 2106 2253 1901 1773 155 1577 677 1019 1558 2134 334 2286 1787 1306 713 1710 1521 1053 2022 1048 1226 2071 1375 2305 1540 437 1060 2331 2146 2208 1623 313 86 2000 1253 773 1799 1565 2120 1346 146 2302 611 2292 363 55
2426 896 1325 1555 1654 1911 1411 1 2165 914 972 2119 936 1450 2398 432 1698 1170 2006 1188 1419 650 1622 824 1628 1954 387 688 1003 1995 262 292 583 495 1641 570 1345 493 1806 2091 1391 1713 973 502 107 855 1043 1027 73
2399 1108 2222 559 984 1914 1396 2169 1964 1836 1574 836 1202 2013 1467 319 876 2379 1424 419 826 1593 2308 1609 1156 2174 1581 1321 1744 799 1012 1013 1127 1263 2272 199 427 2359 2311 768 401 1406 683 202 1520 47 1860 39 147
1361 1117 272 817 342 176 1804 1000 2137 1752 531 562 1180 1888 566 476 256 992 841 787 1525 500 2325 1984 2162 2324 883 1092 2117 2083 2293 1701 2385 1830 1884 668 1440 1559 1299 2420 2218 422 1457 1234 434 1472 1813 2378 168
1976 1399 1669 2108 346 1907 651 424 1573 939 1311 1089 2366 2089 1704 1120 1221 1301 1437 261 1700 411 260 2016 588 1279 1274 1595 1236 1966 276 624 733 282 2069 467 84 671 486 1124 2086 1148 105 1504 1172 1580 16 1206 26
722 1751 1356 1461 986 2340 451 2167 2171 1556 759 2287 271 221 816 1824 2002 822 1249 1988 2123 1705 439 1224 1387 382 137 1405 576 441 648 2240 1125 2185 1199 643 1186 2197 2243 356 1832 925 2072 546 903 2195 182 948 35
1981 1119 1655 473 353 1903 698 716 1778 1210 1998 1512 99 760 2025 1360 1940 1500 2088 1033 2113 1255 497 652 408 2099 1551 2188 1588 2090 1094 1192 1732 1088 1887 131 2060 1034 1344 645 1422 536 1816 2066 1738 12 2394 1615 87
303 423 1688 1797 983 1162 793 720 2168 1213 569 1065 1123 1401 1441 2191 317 1478 248 2157 633 831 1075 1562 1746 1275 707 2012 2041 1675 1828 1876 2132 1642 2301 1066 278 1793 1776 1179 135 1531 794 1131 2175 14 1157 2001 171
777 2393 847 2105 988 590 1764 721 226 1215 1256 1791 1503 2254 2373 494 810 1647 1536 509 1678 1328 1871 2437 1242 1820 928 392 808 2161 687 2027 505 2092 741 1996 1230 2183 2416 1823 330 2229 644 2323 193 24 2095 13 28
987 1110 2045 1464 340 1904 1771 719 1101 377 1730 2263 2070 1944 813 1444 1446 2145 2334 723 629 1900 519 828 1677 2211 1195 850 918 921 1005 482 299 279 1047 2047 1851 322 560 2184 766 805 268 526 552 97 373 112 31
2425 2084 1579 593 1844 1336 858 2166 2160 1568 2289 326 1469 2236 1007 1974 1947 912 1241 765 506 514 691 1702 891 951 1783 1535 585 1430 1785 1087 1936 1374 1697 977 2427 173 1303 941 1855 1023 1078 1848 1398 70 104 336 194
1945 1320 2046 2107 1644 1343 868 1475 1378 2300 222 485 1532 682 1604 2387 2251 1483 1856 1169 1389 1438 1082 2096 1282 1895 1414 2036 1189 1815 844 1648 2209 1874 2200 1382 732 1674 1617 1021 837 1522 2354 2428 1631 609 425 110 21
321 2077 860 1460 349 1335 394 1181 1814 589 545 1140 2431 669 1833 684 247 1941 2050 1584 1929 1779 1939 380 1506 2291 1892 469 1973 2418 1190 2343 174 2064 468 1703 308 555 2053 1632 1073 735 970 76 2321 180 65 89 62
655 1757 1665 2109 2250 1254 866 1650 2370 1006 1582 2189 839 539 37 1363 1016 2059 901 2087 2294 2114 2356 1312 2368 1004 1070 1367 623 1509 1630 965 978 942 899 2042 1137 1205 235 2269 2369 649 998 908 231 1486 72 126 157
1978 1114 1659 1069 1480 1337 216 2172 1196 1553 2062 1086 1149 1494 666 1685 1681 900 541 1653 491 792 300 1570 725 1608 1715 1753 1201 2295 2153 1749 807 532 1425 1388 946 1734 1490 990 1413 989 819 1456 1200 1569 187 181 68
1979 120 993 1338 1763 92 1571 875 2312 755 1777 1867 1651 638 2079 736 1802 694 757 1171 1427 1074 548 1244 2199 2278 764 1714 304 701 2392 1002 1707 1801 1682 879 743 1849 52 1827 848 525 1640 1949 2361 1485 156 144 0
2423 1104 2223 1711 982 2333 861 215 632 711 416 2039 2429 2190 255 1839 1222 2192 511 771 1858 1507 1817 904 2273 484 385 747 2011 1897 1216 480 2152 675 2246 2024 1854 2033 2332 421 776 1329 952 820 2140 41 1712 203 185
1683 1113 1662 250 350 1906 1765 206 603 1072 1198 1264 529 744 1380 967 2215 665 1231 916 2014 520 750 1415 244 1291 1304 284 798 2242 1948 1276 477 1011 873 440 785 1175 894 18 1960 1932 1564 1618 366 100 2277 403 158
1977 1037 945 1528 71 2055 1756 207 1602 1821 1566 1721 880 1488 1691 1062 1496 487 1923 331 114 1863 614 1717 1365 551 2390 513 442 295 2232 1931 1927 1671 835 1142 1044 2058 1128 1136 795 2021 2116 2031 913 115 1030 1151 19
1429 1145 2220 2103 2049 976 1761 2299 1208 2342 2094 1838 1095 1508 2268 1782 1587 872 2353 1277 535 610 621 2228 1786 615 1692 1232 1352 1029 410 726 2279 2239 245 1865 1845 1217 659 1807 63 995 882 703 647 772 1599 1722 188
2421 587 113 357 347 686 1774 887 717 1211 774 604 1514 944 1071 2121 2386 818 232 1594 940 1049 1432 285 2030 1390 2328 1636 1754 1695 463 1197 809 323 429 2122 2124 1775 1178 2035 1032 57 1447 149 121 46 2383 2133 167
1351 1109 956 657 341 1318 1347 209 1886 1834 1725 2419 1550 1453 1080 827 849 1502 458 1155 2436 496 233 2005 325 961 2402 1926 1102 1938 1545 1879 499 230 1077 1898 1625 926 498 2290 154 1466 2231 98 689 1942 890 177 34
190 1118 1660 630 966 791 864 211 1575 1643 1439 1875 1173 1152 1690 754 465 1371 2155 393 1177 2063 2309 1969 907 2372 1393 1096 2043 2276 1470 1138 582 2433 266 1373 1097 17 731 802 2381 1538 763 81 166 462 259 153 93
1980 510 294 595 1334 2136 999 214 2074 974 412 1167 2280 1991 241 361 963 658 1511 2262 523 1810 1546 1245 937 1627 460 2075 2158 606 1442 1961 184 1420 225 778 404 2364 1985 1922 483 636 1899 38 7 1421 138 501 139
702 1105 1667 1227 348 1883 859 15 148 1840 2415 258 2176 1560 2118 700 1404 2203 1428 1745 274 280 1585 620 1302 228 781 670 1857 2315 224 571 613 1510 1829 239 2194 1484 201 159 1495 2241 10 395 1491 2397 123 1350 119
354 1658 1209 1364 985 1307 1769 210 428 217 695 968 1423 2129 783 979 1739 310 1822 2413 929 1218 602 871 1868 909 396 601 2073 367 549 1474 892 605 2310 327 734 444 895 1063 1652 1141 1025 489 1689 117 152 1592 186
2404 1297 50 1458 352 1910 863 212 673 134 1379 318 328 1915 1561 761 775 1916 654 309 1563 676 2180 358 1158 1583 1894 1635 1024 1649 2326 2081 1498 2003 1497 1968 314 2019 368 2266 577 685 2177 1403 607 145 1296 103 77
1462 1106 1661 1417 1600 1262 672 208 372 399 1611 1163 1310 409 2247 1204 1943 2149 1515 406 459 1052 448 1026 1809 320 730 2057 1959 786 517 537 1607 1866 1646 2318 1001 960 1261 374 391 1100 74 1673 1781 389 1921 4 179
1339 924 2104 345 2085 1759 2258 1229 1267 690 29 1679 823 1160 586 2212 1448 2126 692 1220 1633 1539 708 2010 1270 646 1266 811 1168 1975 1729 885 1064 954 1183 796 856 471 1935 2322 1843 1614 756 2111 90 443 2009 60 0
2201 2349 2193 2101 22 653 106 1357 78 612 2205 2336 1861 365 953 1018 745 1122 242 1803 296 1126 1750 1596 2313 801 2282 543 457 1355 1956 530 2040 2156 516 1316 2008 1687 2330 1533 1885 2233 431 1038 2335 102 2338 1309 40
2224 1459 351 2396 454 2256 740 1327 572 704 911 715 790 2264 2181 237 338 1121 264 2439 2214 784 415 1194 1286 515 834 1686 44 1176 163 470 2216 833 1795 1443 1534 1014 1091 1603 265 2065 947 402 815 161 200 0 0
2100 1111 527 738 343 1788 453 213 397 2141 697 1445 1873 478 558 1530 1265 830 1748 2249 829 2351 661 1431 1057 1479 474 1022 1455 780 1473 1955 710 1696 803 1852 240 2440 563 2186 2271 252 1144 504 1164 1392 1050 1731 42
1957 2407 1541 598 2144 8 867 2259 1207 851 1716 1890 2357 1008 1348 307 1790 1305 1103 753 1798 727 567 2314 1928 1629 1800 1529 1853 1412 1547 2143 1039 2097 832 2210 1182 568 1068 108 674 737 1743 1386 1549 1789 2202 3 195
205 1668 2225 1465 1818 1257 162 663 379 1872 2029 2023 564 1619 2337 1394 2352 1850 1870 1250 2317 1917 1036 881 2344 2405 2395 2127 2139 779 2350 301 1740 69 67 616 2389 286 1693 1385 1726 1028 2138 2078 2409 2363 48 75 133
2417 333 2226 1766 1680 2345 455 2257 2082 1288 1243 1319 2213 1493 289 1516 2032 2178 838 769 2412 1449 556 825 2360 2376 949 2038 1719 906 1289 1989 1203 311 2061 281 1314 1134 994 1747 2374 1720 449 433 143 335 2235 160 96
1982 1107 1666 2110 950 1905 452 2151 1526 739 877 407 1606 414 1260 1499 762 1185 1987 1626 709 2217 1523 631 1718 1489 1972 1298 1487 1586 236 263 2187 542 1041 1165 1736 2401 2355 600 1841 1258 324 2198 1676 1811 1153 150 136
2130 2406 1950 878 596 1017 2296 2255 1372 2281 413 680 1187 2163 291 2316 1184 1552 287 2358 1377 905 706 789 1239 758 749 915 788 821 364 1059 538 492 1819 371 846 618 1847 2125 1433 249 32 1058 770 617 812 111 95
599 1656 1908 594 893 2261 1963 1326 11 1918 1728 2307 931 1597 1477 2245 475 1225 854 544 902 1967 933 1099 254 1381 1083 83 2150 1240 1889 405 1542 27 6 1252 2410 935 305 436 640 2400 1395 1482 122 2207 58 9 53
2422 521 1664 1191 980 1909 869 384 169 1634 362 378 2306 1407 608 742 2252 2380 910 1637 2303 557 1796 2054 1896 234 2347 1098 1402 2288 1331 1193 958 622 1517 2227 2414 1133 2304 1598 288 23 626 2430 1951 751 132 25 94
1859 853 1384 375 344 1174 870 360 420 1271 2244 637 1035 2434 2438 897 1434 1621 748 1259 1290 2051 1354 1983 1313 1605 1882 332 625 1891 619 693 2284 1755 223 1953 1366 533 1147 1135 257 118 1519 1645 140 66 170 49 164
2037 438 1463 865 204 806 1760 1934 1572 2435 782 315 445 2076 1308 898 337 797 561 930 1295 573 2196 220 2382 1476 2131 1724 1924 664 1881 1501 1130 1518 2377 109 1084 1965 381 2098 1589 627 1040 175 2004 528 227 20 45

nodes 100
354 1465 1017 1000 1578 417 246 1794 370 1061 2339 969 388 943 2348 2007 2388 581 1993 1280 2142 1543 196 54 172
190 2106 1334 999 1085 1505 1330 547 1416 1727 923 1436 1548 1223 398 955 714 1322 456 1620 845 2017 178 142 0
1339 1307 2167 518 857 2015 418 1780 2391 1055 574 2367 1537 578 1837 522 1591 400 80 2432 886 275 124 0 0
1978 657 348 866 507 1370 996 1129 681 696 2080 1471 290 2238 1468 1283 1051 2219 1368 1081 1246 191 91 2 0
702 473 71 216 1010 1567 814 1544 1293 1869 843 2044 1315 840 1708 1694 1962 852 1590 1970 1723 1159 79 30 0
2100 2104 343 868 1613 2327 1877 2148 2026 273 1020 1287 2135 481 2274 2028 355 1146 2319 88 2206 1920 339 712 0
1656 956 1335 451 2375 218 554 1015 472 1410 1826 1880 376 1805 283 580 1353 2173 884 579 479 2265 5 1281 0
2417 1461 1911 858 1214 1408 922 1990 1132 1524 2248 919 1233 229 642 1842 1079 728 2359 2091 1406 502 705 39 0
1665 1669 1343 394 914 2230 2013 1787 1612 238 662 2112 2174 1321 799 2146 1623 86 1784 1992 660 932 116 804 0
722 595 2340 2166 1294 836 1324 2034 2379 419 1593 1226 1709 446 550 1009 2346 359 1418 1278 920 1067 855 2329 0
655 1528 352 863 1836 1558 334 319 713 1521 2022 1609 1375 1540 1060 292 495 570 493 768 1713 202 47 363 0
1981 250 350 672 677 2119 1450 432 1170 1188 650 824 1954 688 1995 1013 1263 199 1253 1799 2120 146 611 1027 0
945 1659 1336 454 1556 1512 760 1824 822 261 411 2016 382 1595 1966 624 282 131 671 645 536 2066 12 948 0
1976 2108 340 452 939 1089 2089 1360 1301 1033 1255 652 1279 2188 2090 1192 1088 467 1034 1124 1148 546 1580 1206 0
1320 85 346 867 1210 2287 221 1120 1500 1988 1705 1224 2099 1405 441 2240 2185 643 2197 356 925 1504 2195 1615 0
1399 1227 349 869 1752 562 1888 476 992 787 500 1984 2324 1092 2083 1701 1830 668 1559 2420 422 1234 1472 2378 0
1037 1069 345 862 1213 1065 1401 2191 1478 2157 831 1562 1275 2012 1675 1876 1642 1066 1793 1179 1531 1131 14 2001 0
1105 1247 351 455 1215 1791 2254 494 1647 509 1328 2437 1820 392 2161 2027 2092 1996 2183 1823 2229 2323 24 13 0
2424 1711 43 870 377 2263 1944 1444 2145 723 1900 828 2211 850 921 482 279 2047 322 2184 805 526 97 112 0
1655 527 1910 859 1568 326 2236 1974 912 765 514 1702 951 1535 1430 1087 1374 977 173 941 1023 1848 70 336 0
1668 1661 1262 1347 2300 485 682 2387 1483 1169 1438 2096 1895 2036 1815 1648 1874 1382 1674 1021 1522 2428 609 110 0
2201 1364 1914 864 589 1140 669 684 1941 1584 1779 380 2291 469 2418 2343 2064 1703 555 1632 735 76 180 89 0
333 1664 2345 1765 1006 2189 539 1363 2059 2087 2114 1312 1004 1367 1509 965 942 2042 1205 2269 649 908 1486 181 0
321 375 1174 793 1553 1086 1494 1685 900 1653 792 1570 1608 1753 2295 1749 532 1388 1734 990 989 1456 1569 126 0
1658 2045 8 861 2312 1777 1651 2079 2192 771 1507 904 484 747 1897 480 675 1682 743 52 1329 820 2361 203 0
2408 1384 1909 1771 711 2039 2190 1839 1802 757 1427 548 2199 764 304 2392 1707 2024 2033 421 848 1640 41 156 0
1751 1660 2396 1772 1072 1264 744 967 665 916 520 1415 1291 284 2242 1276 1011 440 1175 18 1932 1618 100 403 0
1757 2107 347 453 1821 1721 1488 1062 487 331 1863 1717 551 513 295 1931 1671 1142 2058 1136 2021 2031 115 1151 0
1297 1579 2055 1773 2342 1838 1508 1782 872 1277 610 2228 615 1232 1029 726 2239 1865 1217 1807 995 703 772 1722 0
1859 357 1788 1396 1211 604 944 2121 818 1594 1049 285 1390 1636 1695 1197 323 2122 1775 2035 57 149 46 2133 0
2037 1458 791 1411 974 1167 1152 754 658 2262 1810 1245 1627 2075 2276 1961 1420 778 2364 802 636 38 462 177 0
1977 738 353 106 1643 1875 1991 361 1371 393 2063 1969 2372 1096 606 1138 2433 1373 17 1922 1466 98 1421 153 0
1999 1616 64 1756 1834 2419 1453 827 1502 1155 496 2005 961 1926 1938 1879 230 1898 926 2290 1538 81 1942 501 0
2411 1459 1318 1804 1840 258 1560 700 2203 1745 280 620 228 670 2315 571 1510 239 1484 159 2241 395 2397 1350 0
2130 1464 1349 698 217 968 2129 979 310 2413 1218 871 909 601 367 1474 605 327 444 1063 1141 489 117 1592 0
2349 1541 2333 197 1267 29 823 586 1448 692 1633 708 1270 1266 1168 1729 1064 1183 856 1935 1843 756 90 2009 0
2425 1460 653 1764 1327 2336 715 2264 237 1121 2439 1596 1194 515 1355 530 1866 2318 960 374 685 1673 102 4 0
2399 1555 806 1317 134 318 1915 761 1916 309 676 358 1583 1635 1649 2081 2003 1968 2019 2266 1100 1403 389 161 0
2423 817 686 1774 612 704 365 1018 1122 1803 1126 784 801 543 1686 1176 470 1316 1687 1533 2233 1038 145 1309 0
423 113 1905 651 399 1163 409 1204 2149 406 1052 1026 320 2057 786 537 2156 833 1443 1014 1603 2065 402 103 0
1361 2056 976 1761 2141 1445 478 1530 830 2249 2351 1431 1479 1022 780 1955 1696 1852 2440 2186 252 504 1392 1731 0
2404 1191 1906 1759 851 1890 1008 307 1305 753 727 2314 1629 1529 1412 2143 2097 2210 568 108 737 1386 1789 3 0
303 593 1883 1769 1872 2023 1619 1394 1850 1250 1917 881 2405 2127 779 301 69 616 286 1385 1028 2078 2363 75 0
1273 865 1904 2296 2281 680 2163 2316 1185 1626 2217 631 758 915 1586 263 492 1165 618 1747 249 433 335 111 0
2426 878 1162 1768 739 407 414 1499 1552 2358 905 789 1489 1298 821 1059 542 371 1134 2125 1258 1058 617 150 0
1741 598 1913 1762 1288 1319 1493 1516 2178 769 1449 825 2376 2038 906 1989 311 281 2401 600 1720 2198 1811 160 0
777 141 1901 1760 1918 2307 1597 2245 1225 544 1967 1099 1381 83 1240 405 27 1252 935 436 2400 1482 2207 9 0
2224 1271 637 2434 897 1621 1259 2051 1983 1605 332 1891 693 1755 1953 533 1135 118 1645 66 49 0 0 0 0
205 594 2136 1475 1634 378 1407 742 2380 1637 557 2054 234 1098 2288 1193 622 2227 1133 1598 23 2430 751 25 0
1980 993 1257 1181 2435 315 2076 898 797 930 573 220 1476 1724 664 1501 1518 109 1965 2098 627 175 528 20 0
599 490 2261 1650 635 1143 1285 1323 1076 699 1238 628 1624 2048 1269 2283 2020 1300 2237 306 656 243 1046 302 0
1902 597 1763 2172 1937 1952 1930 1862 1737 1056 1527 997 800 927 1808 298 488 1825 962 934 1362 426 1846 1451 0
1758 592 1770 1571 2067 1212 553 2403 2234 1925 2115 1093 329 1161 2384 874 634 2179 639 975 1792 1219 2365 1878 0
1979 2341 1638 386 679 1284 524 534 2270 540 971 1454 293 270 1409 1228 1358 1154 1359 746 1864 151 2154 0 0
1115 847 2144 718 1576 575 2147 1554 1706 450 430 1054 1268 1672 390 1452 1958 1610 667 1831 2052 1492 2159 1150 128
896 1733 2260 2169 2164 991 267 1383 219 1435 1400 1601 2275 729 1166 1986 369 130 1031 56 165 1946 59 1933 129
461 2222 1893 155 889 466 938 842 1835 1684 1994 2128 447 678 1557 2267 724 269 1735 251 51 2068 1251 198 33
1118 1356 435 716 2371 1397 1513 1292 383 508 2320 964 1272 253 2093 641 1426 584 2362 297 125 917 503 82 192
277 2170 980 424 512 312 752 1699 1639 888 565 1235 1997 1248 1139 1045 1742 1237 189 1369 464 591 1481 61 101
1107 294 2049 720 1964 1019 1202 2286 876 1424 826 2308 2071 1581 1744 2331 2208 1641 427 1806 401 683 1520 1860 147
1332 1090 1767 1577 1574 2134 1467 1306 1710 1053 1048 1156 2305 437 262 583 2272 1345 2311 1391 973 2302 2292 55 0
1116 1042 982 721 2165 972 936 2398 1698 2006 1419 1622 1628 387 1003 1012 1127 313 2000 773 1565 1346 107 1043 73
587 316 1680 719 2137 531 1180 566 256 841 1525 2325 2162 883 2117 2293 2385 1884 1440 1299 2218 1457 434 1813 168
1114 957 204 1 1778 1311 2366 1704 1221 1437 1700 260 408 1274 576 648 733 2069 2060 2243 1422 1816 903 2394 35
1110 1209 342 215 1573 1998 99 2025 1940 2088 2113 497 588 1551 1236 276 1125 1199 1186 486 1832 2072 1172 16 26
521 2226 1654 206 2171 759 271 816 2002 1249 2123 439 1387 137 1588 1094 1732 1887 84 1344 2086 105 1738 182 87
1106 2225 988 207 2168 569 1123 1441 317 248 633 1075 1746 707 2041 1828 2132 2301 278 1776 135 794 2175 1157 171
1109 1908 1844 211 226 1256 1503 2373 810 1536 1678 1871 1242 928 808 687 505 741 1230 2416 330 644 193 2095 28
2393 2220 950 209 2160 1730 2070 1007 1947 1241 629 691 891 1195 918 1005 299 1047 1851 560 766 268 552 373 194
438 1950 984 15 1101 2289 1469 813 1446 2334 506 519 1677 1783 585 1785 1936 1697 2427 1303 1855 1078 1398 104 31
1145 2221 966 214 1378 545 1532 1604 2251 2050 1929 1939 1506 1892 1973 1190 174 468 308 2053 1073 970 1631 65 21
1111 1919 596 959 1814 222 2431 1833 247 1856 1389 1082 1282 1414 1189 844 2209 2200 732 1617 837 2354 2321 425 62
1112 1688 22 212 2370 2062 1149 666 1016 901 2294 300 2368 1715 1201 2153 807 899 1137 1490 1413 819 231 72 157
1119 2109 127 208 1196 1582 839 37 1681 541 491 2356 725 1070 623 1630 978 1425 946 235 2369 998 1200 187 68
2407 2193 981 210 875 755 1867 638 736 694 1171 1074 1244 2278 1714 701 1002 1801 879 1849 1827 525 1949 1485 144
1982 1797 2250 1357 632 416 2429 255 1222 511 1858 1817 2273 385 2011 1216 2152 2246 1854 2332 776 952 2140 1712 185
1462 2102 1600 2258 603 1198 529 1380 2215 1231 2014 750 244 1304 798 1948 477 873 785 894 1960 1564 366 2277 158
1957 2103 1907 213 1602 1566 880 1691 1496 1923 114 614 1365 2390 442 2232 1927 835 1044 1128 795 2116 913 1030 19
2422 2105 590 2256 1208 2094 1095 2268 1587 2353 535 621 1786 1692 1352 410 2279 245 1845 659 63 882 647 1599 188
2285 767 2018 663 717 774 1514 1071 2386 232 940 1432 2030 2328 1754 463 809 429 2124 1178 1032 1447 121 2383 167
2406 50 1338 2259 2074 412 2280 1690 963 1511 523 1546 937 460 2043 1470 184 225 404 1985 2381 1899 166 259 139
1912 2253 2151 1886 1439 1173 241 465 2155 2436 233 907 1393 2158 1545 499 266 1097 731 154 763 689 138 34 0
1104 1325 983 2257 1575 1725 1550 1080 849 458 1177 2309 325 2402 1102 1442 582 1077 1625 498 483 2231 7 890 93
2077 860 1342 1326 148 2415 2176 2118 1404 1428 274 1585 1302 781 1857 224 613 1829 2194 201 1495 10 1491 123 119
1108 272 985 384 428 695 1423 783 1739 1822 929 602 1868 396 2073 549 892 2310 734 895 1652 1025 1689 152 186
1113 120 1480 360 1229 690 1679 1160 2212 2126 1220 1539 2010 646 811 1975 885 954 796 471 2322 1614 2111 443 60
1429 1766 1903 36 673 1611 1310 2247 1943 1515 459 448 1809 730 1959 517 1607 1646 1001 1261 391 74 1781 1921 179
1117 2223 986 2204 372 1379 328 1561 775 654 1563 2180 1158 1894 1024 2326 1498 1497 314 368 577 2177 607 1296 77
1683 2110 344 2255 740 2205 1861 790 2181 338 264 1750 2313 1286 834 1956 2040 2216 1795 1534 1091 265 2335 2338 200
1663 2046 1254 2299 397 697 2357 1348 1790 1103 1798 567 1057 474 1455 1473 710 803 240 563 1885 431 947 2202 195
1351 630 1644 1376 1207 1716 1873 558 1265 1748 829 661 1928 1800 1853 1547 1039 832 1182 1068 674 1743 1549 1050 42
1657 1662 1341 2297 78 572 911 953 745 242 296 2214 415 2282 457 44 163 516 2008 2330 2271 1144 1164 815 40
1812 924 1333 887 379 2029 564 2337 2352 1870 2317 1036 2344 2395 2139 2350 1740 67 2389 1693 1726 2138 2409 48 133
1670 1667 1340 1934 1372 413 1187 291 762 1987 709 1523 1239 749 788 236 2187 1041 846 994 2374 324 143 812 95
1945 1417 341 2182 1526 877 1606 1260 1184 287 1377 706 1718 1972 1487 364 538 1819 1314 1847 1433 32 770 1153 136
987 559 176 1963 2082 1243 2213 289 2032 838 2412 556 2360 949 1719 1289 1203 2061 1736 2355 1841 449 1676 2235 96
2084 1463 1818 2298 11 1728 931 1477 475 854 902 933 254 1083 2150 1889 1542 6 2410 305 640 1395 122 58 53
2421 2101 2085 92 420 2244 1035 2438 1434 748 1290 1354 1313 1882 625 619 2284 223 1366 1147 257 1519 140 170 164
510 1666 1337 1971 169 362 2306 608 2252 910 2303 1796 1896 2347 1402 1331 958 1517 2414 2304 288 626 1951 132 94
853 183 893 162 1572 782 445 1308 337 561 1295 2196 2382 2131 1924 1881 1130 2377 1084 381 1589 1040 2004 227 45

nodes 200
1555 984 1294 996 1416 2339 388 2348 2388 1993 2142 196 172
559 985 914 814 1780 1055 1548 398 522 400 845 178 0
2056 988 1214 1877 681 923 2367 578 714 456 2432 275 0
2103 2253 1836 554 1293 2080 290 1468 1051 1368 1246 91 0
817 1893 677 922 2026 843 1315 1708 1962 1590 1723 79 0
2105 983 1752 1324 472 1020 2135 2274 355 2319 2206 339 0
1616 981 939 2013 1132 1826 376 283 1353 884 479 5 0
2106 986 1210 334 1612 2248 1233 642 2346 1418 920 705 0
1109 1963 1556 1450 2379 662 1709 550 1079 1784 660 116 0
1113 92 1213 1888 713 1593 2174 799 1623 2359 1406 855 0
1320 1971 1215 2089 1170 2022 1375 1060 495 493 1713 47 0
1111 2182 377 760 992 650 1954 1995 1263 1253 2120 611 0
1114 2298 1568 221 1301 500 2324 2083 1830 1559 422 1472 0
655 2255 2300 1401 1500 411 1279 441 2185 2197 536 1580 0
1105 1376 589 2254 822 1255 2099 1966 282 671 925 2195 0
2220 2018 1006 1944 1478 1705 382 2090 1088 1034 1148 12 0
847 1903 1553 2236 1647 831 1275 1675 1642 1793 1531 14 0
1977 2204 2312 682 2145 1328 1820 2161 2092 2183 2229 24 0
183 43 711 669 912 1900 2211 921 279 322 805 97 0
113 976 1072 539 1483 514 951 1430 1374 173 1023 70 0
1107 162 1821 1494 1941 1438 1895 1815 1874 1674 1522 609 0
1119 2299 1211 2190 900 2114 1004 1509 942 1205 649 1486 0
2170 1907 2342 1651 2059 1779 2291 2418 2064 555 735 180 0
294 653 974 744 1802 792 1608 2295 532 1734 989 1569 0
1209 2055 1643 1488 2192 1427 2199 304 1707 743 848 2361 0
1356 791 1834 1508 665 1507 484 1897 675 2033 1329 41 0
2225 1788 1840 944 487 520 1291 2242 1011 1175 1932 100 0
1688 1914 217 1152 872 1863 551 295 1671 2058 2021 115 0
1733 176 1267 1991 818 610 615 1029 2239 1217 995 772 0
316 1901 134 1453 658 1049 1390 1695 323 1775 57 46 0
1981 384 399 1560 1371 1810 1627 2276 1420 2364 636 462 0
2221 1911 612 2129 1502 2063 2372 606 2433 17 1466 1421 0
1042 1913 2141 1915 310 280 228 1938 230 926 1538 1942 0
1463 2085 1327 823 2203 496 961 2315 1510 1484 2241 2397 0
1976 36 851 409 1448 1218 909 367 605 444 1141 117 0
1757 2297 1872 715 1916 1633 1270 1168 1064 856 1843 90 0
2226 1318 2281 365 2149 676 1583 1649 2003 2019 685 145 0
50 64 739 478 237 1052 320 786 1866 960 1100 389 0
1325 1904 1271 1619 830 1126 801 1686 470 1687 2233 402 0
1037 1934 1288 1008 1122 2439 1194 1355 2156 1443 1603 102 0
1399 887 1918 2163 1305 2351 1479 780 1696 2440 252 1392 0
2223 1162 1634 414 1850 727 1629 1412 2097 568 737 1789 0
2193 1883 2435 1493 1185 1917 2405 779 69 286 1028 2363 0
2222 2333 635 1597 1552 2217 758 1586 492 618 249 335 0
272 1906 1937 2434 2178 905 1489 821 542 1134 1258 617 0
1978 2257 2067 1407 1225 1449 2376 906 311 2401 1720 1811 0
2100 1326 386 2076 1621 1967 1381 1240 27 935 2400 2207 0
1384 806 575 1285 2380 2051 1605 1891 1755 533 118 66 0
1106 999 991 1930 797 557 234 2288 622 1133 23 751 0
1950 590 466 553 1076 573 1476 664 1518 1965 627 528 0
702 360 1397 1284 1737 1238 1624 1269 2020 2237 656 1046 0
1912 1554 2234 1527 800 1808 488 962 1362 1846 0 0 0
1683 2259 312 1383 534 2115 329 2384 634 639 1792 2365 0
1667 1761 1019 842 450 540 1454 270 1228 1154 746 151 0
1945 2151 1574 1292 1435 1054 1672 1452 1610 1831 1492 1150 0
1662 1767 972 1699 1684 1601 729 1986 130 56 1946 1933 0
2046 1317 531 2286 508 2128 678 2267 269 251 917 82 0
1663 1764 1311 1467 888 964 253 641 584 297 2068 198 0
1579 1017 1998 2398 1424 1235 1248 1045 1237 1369 591 1860 0
1656 698 759 566 1710 2308 1581 2331 1641 1806 683 61 0
1659 1760 569 1704 2006 1048 2305 262 2272 2311 973 2292 0
510 1804 1256 2025 841 1622 387 1012 313 773 1346 1043 0
1657 651 1730 816 1437 2325 883 2293 1884 1299 1457 1813 0
1812 197 222 813 248 439 137 1094 1887 1344 105 182 0
1541 1307 545 2373 1249 497 1551 276 1199 486 2072 16 0
1665 1759 2289 1441 2088 260 1274 648 2069 2243 1816 2394 0
1670 1769 1582 1007 1536 1075 707 1828 2301 1776 794 1157 0
527 1762 2062 1604 2334 1871 928 687 741 2416 644 2095 0
1669 1774 755 1833 1241 519 1195 1005 1047 560 268 373 0
924 2341 1198 666 2050 1082 1414 844 2200 1617 2354 425 0
1661 2261 416 37 1856 691 1783 1785 1697 1303 1078 104 0
945 1768 1566 638 901 1939 1892 1190 468 2053 970 65 0
1655 2296 2094 255 541 2356 1070 1630 899 235 819 72 0
956 1770 774 1380 694 300 1715 2153 1425 1490 998 187 0
1666 1763 412 1691 511 1074 2278 701 1801 1849 525 1485 0
1351 663 1439 2268 1231 1817 385 1216 2246 2332 952 1712 0
1668 1411 1725 1071 1923 750 1304 1948 873 894 1564 2277 0
2045 2136 2415 1690 2353 614 2390 2232 835 1128 2116 1030 0
1660 1257 695 241 232 621 1692 410 245 659 882 1599 0
1664 2340 690 1080 1511 1432 2328 463 429 1178 1447 2383 0
1751 1396 1379 2118 2155 1546 460 1470 225 1985 1899 259 0
1982 2256 1611 783 458 2309 1393 1442 266 731 2231 138 0
1462 213 2205 1160 1428 233 2402 1545 1077 498 763 890 0
1658 1773 572 1561 1822 1585 781 224 1829 201 10 123 0
333 1772 697 2247 2126 602 396 549 2310 895 1025 152 0
2349 1771 1716 790 654 1539 646 1975 954 471 1614 443 0
2393 862 2029 953 1515 2180 1894 2326 1497 368 2177 1296 0
190 2258 413 558 338 448 730 517 1646 1261 74 1921 0
1297 793 877 1348 242 1750 1286 1956 2216 1534 265 2338 0
2408 861 1243 2337 1748 2214 2282 44 516 2330 431 815 0
1115 869 1728 291 1103 661 474 1473 803 563 1144 1050 0
423 1765 2244 1260 1870 567 1800 1547 832 1068 1743 2202 0
2077 859 362 289 1987 1036 2395 2350 67 1693 2138 48 0
896 870 782 1477 287 1523 749 236 1041 994 324 812 0
277 453 417 2438 838 706 1972 364 1819 1847 32 1153 0
1145 455 1505 608 854 556 949 1289 2061 2355 449 2235 0
587 867 857 1308 748 933 1083 1889 6 305 1395 58 0
1112 452 1370 1794 910 1354 1882 619 223 1147 1519 170 0
2406 1347 1567 547 561 1796 2347 1331 1517 2304 626 132 0
853 864 2327 418 1061 2196 2131 1881 2377 381 1040 227 0
438 106 218 1129 1727 969 943 2007 581 1280 1543 54 0
2084 1756 1408 1544 2391 1436 1223 955 1322 1620 2017 142 0
1116 454 2230 2148 696 574 1537 1837 1591 80 886 124 0
1110 216 836 1015 1869 1471 2238 1283 2219 1081 191 2 0
521 868 1558 1990 273 2044 840 1694 852 1970 1159 30 0
461 858 2119 2034 1410 1287 481 2028 1146 88 1920 712 0
1108 451 562 1787 1524 1880 1805 580 2173 579 2265 1281 0
1118 866 1089 319 238 2112 229 1009 728 1278 932 2329 0
2407 394 2287 476 419 919 446 1842 359 1992 1067 39 0
1117 863 1512 432 1521 1226 1321 2146 86 2091 502 804 0
1104 672 1065 1120 1188 1609 1540 292 570 768 202 363 0
987 1357 1791 1360 787 824 688 1013 199 1799 146 1027 0
2425 718 2263 1824 261 1984 1092 1701 668 2420 1234 2378 0
2426 719 326 2191 1033 2016 1595 2240 643 356 1504 948 0
1859 155 485 494 1988 652 2188 624 131 1124 2066 1206 0
2037 716 1140 1444 2157 1224 1405 1192 467 645 546 1615 0
1273 721 1086 1974 509 2437 392 2027 1996 1823 2323 13 0
1957 212 2189 2387 723 1562 2012 1876 1066 1179 1131 2001 0
2411 424 1777 684 765 828 850 482 2047 2184 526 112 0
2422 210 2039 1363 1169 1702 1535 1087 977 941 1848 336 0
777 720 1264 1685 1584 2096 2036 1648 1382 1021 2428 110 0
2130 2169 1721 2079 2087 380 469 2343 1703 1632 76 89 0
321 1 1838 1839 1653 1312 1367 965 2042 2269 908 181 0
1999 208 604 967 757 1570 1753 1749 1388 990 1456 126 0
303 959 1167 1062 771 548 764 2392 1682 52 1640 156 0
2285 206 1875 1782 916 904 747 480 2024 421 820 203 0
1429 215 2419 2121 331 1415 284 1276 440 18 1618 403 0
2423 209 258 754 1277 1717 513 1931 1142 1136 2031 1151 0
2421 207 968 361 1594 2228 1232 726 1865 1807 703 1722 0
2424 211 29 827 2262 285 1636 1197 2122 2035 149 2133 0
1361 15 318 700 393 1245 2075 1961 778 802 38 177 0
2399 214 1163 979 1155 1969 1096 1138 1373 1922 98 153 0
1741 1000 2336 586 1745 2005 1926 1879 1898 2290 81 501 0
2404 2167 704 761 2413 620 670 571 239 159 395 1350 0
2201 2166 1445 1204 692 871 601 1474 327 1063 489 1592 0
1902 1890 2264 309 708 1266 1729 1183 1935 756 2009 0 0
2417 1475 2023 1018 406 358 1635 2081 1968 2266 1403 103 0
1979 1121 1026 2057 537 2318 374 1673 4 0 0 0 0
1758 680 1530 1803 1596 515 530 833 1014 2065 161 0 0
1339 307 2249 784 543 1176 1316 1533 1038 1309 0 0 0
1332 407 1394 753 1431 1022 1955 1852 2186 504 1731 0 0
354 1181 1319 2316 1250 2314 1529 2143 2210 108 1386 3 0
722 1650 2307 1499 1626 881 2127 301 616 1385 2078 75 0
351 352 2172 637 1516 2358 631 915 263 1165 1747 433 111
127 349 1571 378 2245 769 789 1298 1059 371 2125 1058 150
205 1638 315 897 544 825 2038 1989 281 600 2198 160 0
1980 2164 1143 742 1259 1099 83 405 1252 436 1482 9 0
204 345 889 1952 898 1637 1983 332 693 1953 1135 1645 49
1090 353 1576 1212 1323 930 2054 1098 1193 2227 1598 2430 25
596 347 2371 679 1862 699 220 1724 1501 109 2098 175 20
592 346 512 2147 2403 1056 628 2048 2283 1300 306 243 302
597 340 1964 267 524 1925 997 927 298 1825 934 426 1451
993 343 1577 938 1706 2270 1093 1161 874 2179 975 1219 1878
594 71 2165 1513 219 430 971 293 1409 1358 1359 1864 2154
1191 1480 1778 2134 1639 2320 447 1557 724 1735 51 2159 33
490 350 2137 1202 383 1994 2275 1166 369 667 2052 59 129
598 2250 1573 752 1835 1400 1268 390 1958 1031 165 1251 128
1364 1644 2171 2366 1698 1053 2071 1744 2208 427 401 1520 147
375 950 2168 936 876 565 1272 2093 1426 2362 125 1481 101
593 1600 226 1180 1306 826 1997 1139 1742 189 464 503 192
1464 1844 1101 99 256 1419 1156 437 583 1345 1391 2302 55
595 348 2160 271 1221 1525 1628 1003 1127 2000 1565 107 73
599 1378 1123 1940 1700 2162 2117 2385 1440 2218 434 168 0
1465 341 1814 1503 2002 2113 408 576 733 2060 1422 903 35
1461 344 2370 2070 317 2123 588 1236 1125 1186 1832 1172 26
357 2144 1196 1469 810 633 1387 1588 1732 84 2086 1738 87
1460 980 875 1532 1446 1678 1746 2041 2132 278 135 2175 171
1459 1680 632 2431 1947 629 1242 808 505 1230 330 193 28
141 22 603 839 2251 506 1677 918 299 1851 766 552 31
1458 2260 1602 1149 247 1389 891 585 1936 2427 1855 1398 194
865 966 1208 1867 1016 1929 1282 1189 2209 732 837 1631 21
878 982 717 2429 1681 2294 1506 1973 174 308 1073 2321 62
957 2345 2074 529 736 491 2368 623 978 1137 2369 231 68
2109 2396 1575 880 1222 1171 725 1201 807 946 1413 1200 157
1919 8 148 1095 2215 1858 1244 1714 1002 879 1827 1949 144
1247 1905 1886 1514 1496 2014 2273 2011 2152 1854 776 2140 185
1227 1262 428 2280 1587 114 244 798 477 785 1960 366 158
1069 1910 1229 1173 2386 535 1365 442 1927 1044 795 913 19
85 1174 673 1550 963 940 1786 1352 2279 1845 63 647 188
2107 1336 372 2176 465 523 2030 1754 809 2124 1032 121 167
738 1335 740 1423 849 1177 937 2043 184 404 2381 166 139
1528 1343 78 1679 1404 2436 907 2158 582 1097 483 7 93
2224 325 1102 499 1625 154 689 34 0 0 0 0 0
2108 1337 397 328 1739 274 1302 1857 613 2194 1495 1491 119
2104 1333 1207 1310 2212 929 1868 2073 892 734 1652 1689 186
1766 342 379 1861 775 1220 2010 811 885 796 2322 2111 60
657 1341 1372 911 1943 1563 1158 1024 1498 314 577 607 77
250 1254 1526 1873 2181 459 1809 1959 1607 1001 391 1781 179
473 1340 2082 2357 745 264 2313 834 2040 1795 1091 2335 200
767 435 11 564 1265 296 415 457 163 2008 1885 947 40
1417 1342 420 1187 1790 829 1057 1455 710 240 2271 1164 42
120 1909 169 1606 2352 1798 1928 1853 1039 1182 674 1549 195
630 893 1572 2213 762 2317 2344 2139 1740 2389 1726 2409 133
2110 1338 1578 931 1184 709 1239 788 2187 846 2374 143 95
1797 1334 1085 1035 2032 1377 1718 1487 538 1314 1433 770 136
860 686 518 2306 475 2412 2360 1719 1203 1736 1841 1676 96
2101 1654 507 445 1434 902 254 2150 1542 2410 640 122 53
1908 1349 1010 246 2252 1290 1313 625 2284 1366 257 140 164
2102 1818 2375 2015 370 1295 2382 1924 1130 1084 1589 2004 45
1711 2049 1613 1330 337 2303 1896 1402 958 2414 288 1951 94

