nodes 50
1999 1105 423 1209 357 1910 1767 162 1475 1575 1495 756 2235 223 1571 1736 2311 944 577 1270 1371 2005 2291 910 880 1170 1703 788 1265 709 1184 2094 2437 1948 86 897 1476 1651 1027 320 413 1126 1944 319 530 1705 239 33 902 23
1356 1113 1908 817 988 1788 1804 2341 1316 1358 1729 1248 825 2409 1947 1926 892 568 664 909 658 285 2120 561 2304 1820 1633 1807 605 1077 1623 164 604 1477 1548 1691 771 1584 711 2228 2059 1452 1825 1587 1525 1987 2022 124 1290 0
1339 1711 345 2333 869 1886 718 371 397 2186 1783 733 934 746 2139 1970 1052 1878 1990 841 1929 1032 1510 848 2064 1059 1784 737 2313 1430 1730 742 2199 2402 1596 2431 467 1513 56 2249 392 18 1221 115 295 679 1074 0 0 0
1980 1399 1666 2107 349 2345 793 2164 1836 327 2262 1533 1195 2265 2004 875 257 715 2439 2154 2034 1437 2294 2381 1323 628 500 263 1418 108 1809 2092 1256 808 1608 1393 1026 1532 95 1246 2189 1309 488 102 256 1639 1029 2147 1817 0
1325 1110 1145 1247 22 1349 866 1934 717 901 2128 747 2095 1517 801 935 2360 1876 1491 2413 1936 138 654 2162 1080 229 2365 296 615 421 1187 1305 553 1858 275 1068 2350 2420 575 1405 1276 406 704 322 942 298 1925 165 72 0
2130 2223 1751 113 595 1911 1771 2257 2166 503 560 991 649 614 2440 1314 2371 1232 2387 829 631 405 312 2391 241 1521 1046 1039 1366 1268 2032 694 1167 2232 1777 850 1151 1557 2191 1199 326 1986 2354 567 396 1163 621 1810 168 0
1273 896 587 1463 71 1334 1317 2182 211 2202 2009 1686 849 1720 2124 2017 2176 1697 1939 1745 470 2344 1973 2197 1377 917 2122 1635 2044 1870 548 1344 1302 1527 1228 1506 1381 34 2287 1917 1941 270 1300 1496 1419 117 1546 27 1400 0
2201 1106 2046 183 1459 1254 1347 512 1778 1165 410 2305 1153 1194 688 2264 1369 1636 368 810 933 1611 964 1880 2208 2237 528 710 1585 656 712 1363 627 1984 2241 1956 403 390 1008 904 637 1537 114 545 1137 1416 61 610 1994 0
1859 1109 2077 950 1458 1914 698 2204 215 420 1652 1673 1129 918 932 968 1747 301 946 1813 2203 886 606 1499 2280 2374 1374 1632 919 906 235 1299 1375 613 1653 647 954 1177 1089 2301 1793 1383 1890 1288 1310 695 11 1049 2320 0
722 1116 1659 1417 983 43 686 1376 719 673 361 260 278 975 2251 1180 1567 2375 1444 537 1796 661 1899 2112 843 2036 280 2188 2314 2392 2155 1795 538 2026 1222 828 38 2385 1824 2337 1034 1397 1078 1782 1540 1992 1872 133 820 0
2422 1107 1812 1654 2253 1336 2261 455 1852 874 1016 1000 730 2377 785 626 1128 2200 1091 796 2338 930 1019 284 1514 1726 279 1021 755 1240 1490 2243 1954 222 1710 2131 2216 1154 635 1953 21 1972 2179 584 1827 790 77 62 2303 0
1429 1108 945 1480 593 1262 1756 2171 213 1208 1578 786 2072 2135 835 1345 218 1192 689 2207 2369 1379 1916 2159 1927 816 2042 941 1674 965 2213 1088 1284 2014 547 2353 1473 2089 1501 2234 1922 622 2023 2272 328 760 754 9 170 0
2421 1114 1982 120 878 1337 976 197 2210 815 1135 600 304 459 1446 591 457 476 70 2394 526 535 1406 242 1147 1275 395 185 911 2192 762 1402 2324 1327 888 563 1547 768 1193 1737 802 2181 589 2041 446 579 2270 554 175 0
2423 303 527 2108 490 1907 1759 1326 212 262 1303 366 29 1196 2074 2388 729 518 2078 1043 1502 161 1713 1748 963 1033 491 401 1627 1280 1524 684 2198 916 636 1242 234 539 534 2432 872 466 268 1062 1321 1278 851 723 1618 0
1042 1978 1669 2110 893 1174 859 1971 720 1958 2098 1933 2282 1930 731 1204 297 513 1974 2076 1354 2205 1070 1775 728 1529 1843 1595 1431 1749 780 5 433 629 809 1702 1456 2190 2378 585 2183 571 126 1467 1522 318 1593 311 2031 0
2426 1117 333 966 596 1909 1773 2299 208 1604 2081 1581 1983 2400 134 1882 1961 1010 683 617 13 876 643 974 1205 2157 1855 644 1873 1308 2329 387 1058 2016 2215 2096 1640 583 2163 1717 1264 465 1938 1236 1413 159 379 1709 112 0
847 1118 1664 1616 985 1342 1760 2259 206 813 1892 556 1404 1225 1845 1543 1550 1047 1082 1155 1545 638 708 1203 2279 1482 306 2269 745 1752 243 551 652 546 1421 1716 356 1450 186 2012 1931 1121 1445 739 2061 2119 2082 199 783 0
2417 2049 1657 1528 865 1343 651 999 1839 1572 436 697 1897 989 804 1577 857 2043 678 393 1442 515 1447 1217 834 2127 2240 1092 2003 971 456 282 2071 1863 462 907 49 1472 376 1076 217 2020 19 2386 2123 399 2281 1233 1160 0
1912 1797 1464 1340 1763 36 1602 1568 1277 374 1851 1159 700 703 1239 227 2111 1785 1921 398 2231 827 1426 1133 1098 1565 78 1190 1094 486 325 1238 634 1282 1879 1831 1937 2227 83 2238 646 1237 1041 836 1372 1139 1561 0 0 0
2424 2100 1655 559 1090 435 1411 1017 833 532 1474 485 1099 1258 1044 1040 1173 741 691 642 1631 955 952 1727 1423 2321 2048 1755 1390 381 1410 2416 871 1148 2039 1093 1646 639 2342 281 2290 1518 1894 1641 1819 1558 1526 1744 2247 0
354 1104 1541 1069 2260 1335 1307 451 1837 920 1414 618 508 516 665 1130 1055 1684 305 1583 2428 2295 2266 2245 724 258 1846 2187 2099 2153 1079 2008 784 681 1538 517 1624 1127 1360 1348 80 48 1271 192 1176 167 1563 177 25 0
2170 655 277 957 986 1913 861 632 1814 377 331 751 1230 2052 540 2410 2080 2160 2356 1005 1296 2013 267 1628 1679 759 1362 544 973 362 1606 1850 1554 378 428 1923 409 1580 12 1179 1267 237 1634 1065 1955 1564 929 203 84 0
1758 853 1662 1191 351 1396 216 1556 1808 247 794 2114 1164 1687 524 1455 497 873 1425 2209 1057 2149 1287 1742 1965 1724 2218 574 900 1241 1924 1966 171 180 132 752 1169 1035 415 2058 1223 2435 1791 2143 2116 1220 137 30 0 0
2226 1037 2407 250 341 590 868 2172 1030 1183 482 1378 582 448 1048 1492 442 749 441 432 837 2088 14 533 1862 1329 948 1989 2359 1028 286 1815 2289 1487 1453 477 475 338 1066 1723 458 1731 463 905 1940 890 1695 17 47 0
1733 1945 1665 2101 2144 1162 394 1650 1599 1968 1087 2370 1234 1750 1622 1946 798 706 522 877 666 254 735 1439 2403 1932 1206 498 271 1102 915 2418 198 1719 1560 578 425 1368 1996 2206 1428 380 1470 1449 2002 246 2276 20 24 0
205 1683 1661 738 347 2018 806 226 2383 2318 1648 502 1504 2214 2325 2068 898 744 1051 1243 122 1313 153 1725 81 2021 1615 1186 1123 1857 1298 1172 776 2150 2129 1468 921 1590 2047 181 1822 1312 443 1967 16 1330 55 196 111 0
294 2045 1818 141 350 2396 858 959 1840 1215 2343 449 2066 549 903 927 566 1488 1962 1728 753 1896 770 2415 474 1134 2001 67 1503 2073 2038 1738 1960 330 1100 1708 158 2319 990 389 2126 1570 416 2051 1582 2015 147 1018 187 0
2224 1704 1508 492 2244 1250 2382 1676 914 1800 2401 276 926 2070 789 811 2175 94 313 1603 2274 135 782 758 152 309 972 612 953 2062 2019 191 1530 57 0 0 0 0 0 0 0 0 0 0 0 0 0 0 0 0
272 702 50 1555 343 2085 452 2169 2292 412 1493 1519 291 2326 1146 602 1485 1805 293 675 2358 1422 431 1866 195 422 800 607 669 1071 1959 238 1322 2069 839 1009 1877 157 2376 1328 1692 1367 509 479 202 573 1060 98 109 0
1979 1860 895 414 1395 1038 1975 852 1161 2025 481 372 335 1626 365 236 499 2395 947 1505 1484 417 52 1024 437 581 1884 2233 580 814 471 1489 831 620 469 317 648 99 193 131 79 154 0 0 0 0 0 0 0 0
2221 1976 1656 2056 353 1765 867 15 1212 1274 1597 514 685 525 2173 1539 1712 383 140 1011 732 1832 1144 2156 1097 440 775 1781 792 1690 939 998 1591 221 1149 1842 407 402 692 1900 2328 1753 329 104 822 39 1995 143 73 0
1688 956 1660 1364 348 64 453 1213 1260 1551 2434 1438 484 960 772 2180 2277 369 355 1671 504 2086 1743 1003 1625 1142 391 2335 1427 962 519 447 2219 1401 1867 2146 1319 1392 201 633 408 169 1454 805 1478 44 2083 116 7 0
1462 1757 1320 2102 1460 1338 1257 92 1833 1612 501 2389 2148 1830 2405 846 1576 1235 1675 1798 1434 224 763 1542 2060 543 444 856 1471 1103 1281 2079 307 1131 1942 2029 75 334 2363 1823 1175 1732 323 2263 2 166 123 483 119 97
599 438 1384 2104 982 1883 2340 740 2168 616 1601 1150 1286 1285 2030 2040 1998 1435 2271 302 640 1928 1715 2364 687 1022 1218 1136 2357 1794 1511 1001 2419 824 1466 1677 1722 2093 769 558 779 359 2339 970 439 778 1432 2063 118 10
1361 2037 924 2105 204 1903 1769 2297 1838 2384 1592 680 812 2380 385 2142 1408 1352 2330 572 1301 1969 1895 2158 1095 674 1382 1889 2352 608 1412 830 1997 1171 819 1693 404 1799 2283 1252 69 1943 54 967 881 2336 2309 41 430 6
1957 2193 1297 2103 592 1904 1772 2258 721 1012 1574 1182 418 611 1067 2347 668 707 1534 1811 2252 248 129 1061 555 1988 795 1740 2414 2275 838 625 743 701 179 1949 908 1494 958 845 35 2267 821 2121 59 2145 1045 32 1746 96
2411 2399 1663 473 597 1906 1774 1229 1181 2302 1054 1964 2242 1359 2113 1083 2327 1991 1847 1694 2097 1324 1189 1559 2334 879 1792 1259 1346 100 273 489 2316 925 1086 264 1202 2087 1072 725 1721 623 726 1292 188 1255 76 103 1387 149
2404 1111 2084 1644 598 1318 1768 2255 1787 1050 1350 1403 1157 2185 1365 1498 531 1152 994 1283 1696 922 2278 1219 1331 2430 1701 2362 2373 961 757 2024 2033 1216 774 1200 1497 2436 1512 727 1483 2011 89 576 308 370 2331 2174 588 90
2222 1115 1668 2109 981 653 864 663 209 1007 1085 764 1816 1869 1025 2000 2230 1754 1386 1801 552 427 882 1253 1440 1854 1141 1031 1609 2288 2332 1682 225 1531 2367 2268 520 765 931 2273 912 1714 1553 1699 1433 139 88 3 300 150
2225 1112 1579 1227 984 176 862 887 716 1707 2053 1355 265 290 1614 288 1385 995 53 324 1848 787 660 2284 2412 923 799 601 2372 1620 564 557 1394 2323 2397 937 1124 1888 693 797 373 1122 2312 2286 1841 411 1056 842 128 130
1332 2406 1667 1465 352 2296 454 2137 1269 1210 1188 1779 1291 1443 978 894 336 287 1353 2239 840 1063 2138 2117 2194 1865 364 682 1507 938 854 1272 542 2254 2429 609 2307 1789 445 1678 68 107 1672 1023 1647 641 1020 189 74 0
2220 1893 1670 1919 344 791 870 2165 1834 2300 1594 1014 2427 1920 1951 1294 1853 1081 676 1451 1015 249 1389 536 230 650 1874 2057 884 182 1158 1642 569 803 1004 460 358 1469 468 2184 1140 1803 65 2398 253 1780 671 367 1915 37
1741 1119 1977 1600 127 1341 2136 1963 1835 472 1101 240 761 1263 1629 818 1806 2075 1261 1407 714 259 310 426 619 1645 1013 1735 1441 832 46 773 363 2141 1424 255 82 1166 1619 1415 337 2351 2236 220 969 807 1952 2361 2178 142
2285 521 510 2250 375 1333 106 2298 214 1207 245 339 1457 1549 244 885 144 2308 2161 2317 1073 690 1448 1864 1881 699 766 2035 1064 1829 1856 2348 2090 434 2006 231 136 194 2067 645 480 145 26 1918 1861 997 51 1569 1552 173
2425 777 860 657 594 1901 1762 2151 1638 1481 1617 1214 2212 1315 2177 1589 2125 1120 110 2028 299 1698 506 1156 1251 713 977 1289 1790 1802 734 1566 1562 2438 1084 511 750 478 677 1036 659 1125 1295 2390 1871 1898 1143 1486 1185 93
1902 1981 1844 1461 1905 1761 1357 210 1520 2322 2065 1544 495 1479 949 1718 624 670 2246 1398 541 1706 883 2007 1535 529 1637 233 1249 232 314 1875 1293 736 2140 2133 570 855 2217 101 487 2315 1588 940 2091 662 40 823 174 0
987 1680 2349 767 993 340 1770 384 424 1409 1681 913 1739 696 1053 936 1370 1613 494 2346 2196 1536 200 979 496 2211 292 667 1226 1891 1849 1388 219 2229 1993 1231 748 2195 2306 42 1985 943 2433 60 105 1002 269 1168 146 91
316 461 2393 2106 980 8 863 2256 207 2293 464 266 1211 283 1786 1607 1311 450 1885 228 252 1306 1515 493 2118 261 121 1266 781 844 274 1685 1868 2115 1610 2368 1605 523 562 1887 1586 45 125 505 1436 2152 151 1826 4 163
1950 1351 1658 630 342 2055 672 2167 155 2379 603 1 2054 1621 1700 2366 1197 507 2355 928 992 1245 951 1643 1734 382 332 1391 1279 1630 1828 1776 2010 251 66 891 1138 586 87 1523 1178 2132 1420 1304 1075 1373 315 1649 172 160
321 190 2408 1766 85 346 1764 360 148 1132 1598 386 889 1573 826 1096 429 2027 1689 899 1500 1509 1935 1516 705 419 996 550 28 2310 2050 1198 1224 289 388 1380 2134 400 1821 1244 178 1201 1006 31 565 184 58 2248 156 63

nodes 100
1912 1183 1378 448 1492 715 1451 1509 910 2211 1755 1268 684 1238 1949 1651 1036 2132 1237 166 124 23 0 0 0
599 2101 1162 226 2318 502 2214 2068 706 2154 249 1516 1170 544 1249 1685 2115 828 2190 1523 1223 2272 1002 3 0
1042 738 2018 1650 1968 2370 1750 1946 749 1878 2295 1499 713 550 2275 1363 1527 2140 583 797 943 1641 807 33 0
2224 0 0 0 0 0 0 0 0 0 0 0 0 0 0 0 0 0 0 0 0 0 0 0 0
1950 141 2396 959 1215 449 549 927 744 432 841 2245 674 1259 656 2079 251 1702 1127 1076 1537 545 2152 610 0
2220 1555 64 2169 895 1395 1975 1161 1488 877 1437 536 1726 1637 362 387 629 2096 2385 1737 2238 322 760 1049 0
2226 1364 1765 15 1274 1519 525 1539 481 1243 2088 1032 2374 1266 381 5 1293 1282 523 281 1943 1065 997 1810 0
1980 2056 2085 1213 412 514 2326 602 1508 1728 254 2381 650 601 421 830 681 891 34 2234 1972 192 695 2063 0
1733 1465 2296 2137 1551 1438 960 2180 1805 2244 1313 533 628 1635 1280 1305 2026 1506 1177 1252 2181 1791 298 27 0
205 1191 1396 1556 1210 1779 1443 894 383 335 1896 1439 848 2057 1620 1850 824 2368 2436 1953 622 2263 167 41 0
2423 120 1910 870 2379 1892 849 785 668 683 1936 200 843 996 1471 548 1868 2367 1476 958 337 2354 328 88 74
1741 1069 351 976 1836 2343 2066 903 1704 1051 837 14 1323 1046 1186 1298 219 809 1202 87 309 125 1310 76 37
1105 1818 893 394 901 1135 1404 826 857 494 1301 1916 1080 1855 1346 235 1997 1424 1842 1348 1513 967 970 842 142
2049 1644 1904 651 1572 1598 1739 1053 1370 1444 1500 2149 705 2365 607 2332 784 66 750 2342 2059 1078 1176 1952 173
1999 2105 2144 866 209 756 1196 1882 2043 642 1536 2197 543 788 1240 773 542 1867 2133 769 1941 268 530 1143 93
2411 2250 1907 868 532 361 1983 2074 1408 994 1398 1895 1514 500 1781 1158 627 1993 908 2191 326 114 1827 11 174
1114 1658 352 2261 1852 2434 484 2173 1485 492 122 1929 2403 491 1627 46 433 462 954 1996 1267 65 1041 2022 91
190 1667 1337 1768 1358 2322 889 934 1550 670 526 2278 1426 1724 1279 1856 1394 1777 1151 1360 178 2179 1137 239 163
1680 1600 1903 1770 1599 2262 1783 1446 1239 1534 1696 952 1881 1362 682 1849 604 634 748 1821 1483 1825 308 1593 160
2406 2046 865 1326 215 618 1263 2017 2075 1425 1698 2159 699 1735 709 625 1171 937 768 157 101 1894 1075 2309 63
847 1227 8 632 920 1303 2235 2030 2139 1885 2196 2086 2279 529 2314 274 447 2397 2216 692 633 392 2061 1546 7
1356 2110 176 36 2302 339 989 818 2160 2394 930 1748 2321 710 1794 2008 2438 132 2087 904 1383 1295 1819 1432 73
1751 587 1460 2171 213 786 1830 2264 1010 2246 1057 1880 1535 1595 2392 1924 2014 563 1472 12 35 646 439 621 109
2037 950 1349 451 424 1964 1258 288 995 1353 732 2138 2194 1703 745 1410 2418 1100 460 2287 2183 2023 942 315 154
2223 1384 980 858 1612 1592 2095 244 218 577 1434 1406 1003 1206 2099 2050 2316 2039 1722 1824 912 19 1413 662 57
1106 1660 1335 1767 1208 603 649 1025 531 664 640 1973 555 1218 1064 1623 1058 1421 1497 2047 802 89 396 2281 187
521 1670 353 1804 1269 245 1129 731 1961 1261 992 1448 1679 280 2335 1809 325 388 1640 562 1264 1300 2 754 111
1107 2407 1338 1774 420 1277 1897 1614 1311 676 1011 1189 963 1633 2003 232 1284 275 1605 1066 217 2315 881 1872 24
438 1541 2253 2297 2384 1414 2072 835 2080 2111 2203 1070 1147 306 2357 1094 1302 1548 234 534 1721 26 1871 123 47
896 50 347 862 1838 386 1225 591 227 2076 2205 1628 2395 1874 1123 1102 198 742 2350 2306 21 1938 1861 51 156
272 85 1764 1814 1016 825 2440 2176 53 252 1715 2118 444 2372 1490 553 428 136 1089 872 1445 1955 269 172 0
2130 957 435 1347 503 397 1195 134 1197 1974 1442 763 2208 528 498 1024 1954 2069 921 471 80 1271 1525 2082 4
1111 1656 1343 1771 1012 1574 1211 540 1369 689 658 2231 1742 2048 78 1241 307 86 1624 1027 1985 1006 1419 1526 146
2426 1616 1334 1772 815 1085 1153 1786 1853 1091 1796 1832 1927 799 2373 1524 1172 1004 1468 845 1723 1292 319 2361 823
1104 1669 984 806 1207 1681 2054 801 457 1939 714 1935 728 947 1609 938 2175 1453 1956 445 1328 1470 969 671 1185
1859 1797 342 672 214 747 2135 1083 1754 2207 427 1217 1022 941 906 854 2219 1149 1456 2378 637 726 565 1372 1915
1957 1766 1905 1257 1840 410 278 2251 2360 1386 470 643 2060 1134 605 1079 1554 888 1009 2432 2206 1699 505 1569 1552
2417 767 1336 1773 874 2009 1544 1044 429 691 1073 2266 687 2401 1674 780 1642 2233 578 585 152 1062 60 40 2178
1113 2393 982 869 1808 1578 265 932 144 110 1296 882 1251 1701 2070 2073 94 916 1473 931 2290 612 805 58 128
1399 860 597 2259 813 1101 1099 665 1385 287 1990 660 914 1505 1390 243 538 1610 356 1193 1793 1890 2143 151 189
1757 1654 1906 1756 1409 1729 761 1629 442 305 1354 1422 2007 1792 1366 734 2090 1401 1596 376 1586 704 188 851 119
321 2103 344 863 206 1182 290 1180 497 1811 248 1253 879 1289 1427 939 581 180 580 201 1900 443 479 147 72
1037 1297 595 2151 1475 1686 2377 1130 1152 572 2013 2284 1521 644 1870 2094 289 1693 1169 1917 645 1236 18 2248 170
1893 1663 594 887 1707 436 1457 1571 2230 1847 1631 2291 2280 948 67 915 998 547 2146 2337 1246 1588 905 1995 820
2421 1417 1342 1761 262 1652 730 2124 2125 1082 2369 606 619 1142 755 1606 437 1653 1138 990 1931 329 1449 2083 1618
2425 183 1262 793 148 697 2409 2000 301 2346 504 1743 1625 1382 1226 52 569 1487 1547 1035 69 416 104 2276 2031
461 1908 71 1963 2168 556 1285 2040 1991 928 1324 1542 419 2035 608 1001 1131 1380 478 2301 389 2286 220 1486 175
1945 1657 357 2257 1638 485 1930 2388 450 324 398 1203 2237 185 1103 1566 2323 1691 765 1887 181 31 2398 1649 902
1109 1662 1333 1769 1007 1617 1157 2405 798 2271 1015 1063 834 440 1431 1412 1272 819 1381 467 373 1672 648 55 1290
423 945 878 2182 1839 600 1720 1589 476 1407 1611 1156 1800 1374 2359 564 1815 2129 2402 95 1922 463 105 1695 2303
1115 1659 22 197 833 1493 291 1146 2025 1962 666 770 1377 1865 1790 2213 238 2006 1879 1489 480 317 1522 1029 300
303 966 653 216 718 414 1038 852 566 522 2034 1389 1862 1846 1484 286 2071 1710 609 320 831 488 1436 191 1074
1117 1665 341 859 717 2389 1315 2366 1352 617 224 1559 1854 1889 1507 519 1322 2199 2274 1199 1823 1782 1467 1168 1817
1118 1579 345 861 716 240 1869 936 2027 2317 661 493 923 364 792 1959 1591 1603 477 2376 1276 509 1023 295 118
1116 1668 988 384 1181 1355 1517 1607 944 2028 922 883 1133 1136 1802 1198 1863 1068 1580 1072 1175 589 1841 2270 430
1273 2108 343 864 1316 1597 685 978 2277 355 1626 153 230 422 1265 1187 1738 1608 1708 558 2184 2121 953 1060 168
2422 817 1341 1759 1050 1474 29 1845 892 1675 631 312 1423 395 574 1281 652 636 158 782 623 2249 184 1780 588
2221 598 2204 207 991 918 1204 507 1801 138 1287 2430 2362 965 551 2141 1231 2089 2319 465 1312 1987 2119 1387 0
777 1480 1788 1017 212 913 223 885 1613 1283 1928 2112 2036 2188 900 2348 378 2353 2420 2283 56 2339 1433 1925 1746
655 1145 985 360 1778 1 459 949 1684 1813 638 242 229 856 1308 1795 1477 2268 1584 2217 1179 2041 1967 1020 1400
853 2084 993 162 2166 764 283 935 1435 1043 515 979 1965 1807 2192 314 546 255 2195 727 2012 1454 2051 1826 1994
294 1090 1411 1602 247 2114 1687 1128 369 675 2382 1725 1329 263 182 1088 2016 1677 194 1405 2020 2390 131 2320 0
2222 630 1883 740 1165 1581 975 1314 2308 1005 1245 1061 261 1740 1829 164 1216 850 390 1717 359 1496 1705 165 150
1325 2104 1174 512 616 1248 1573 846 1235 796 285 561 759 1039 1077 694 701 264 400 1415 48 567 1255 483 130
1976 2077 1458 1971 1834 1087 1234 688 2311 2439 2239 654 499 276 1441 962 2198 1942 1646 758 1678 576 102 367 112
1112 1664 127 999 1212 1601 1230 700 1806 946 1921 1447 496 1013 884 1071 225 2215 520 1937 2328 1753 1478 1416 783
2045 2349 592 2255 1835 1150 1621 968 1192 810 690 236 1097 977 1873 2329 1224 1466 135 1590 408 469 202 790 1160
1332 1911 1762 1575 331 2282 2004 297 678 1848 1515 2156 800 1059 2038 1562 1538 1877 1469 1986 145 117 159 1561 0
2404 473 350 686 1837 794 1164 524 1712 293 1250 735 1510 332 926 2313 1167 1228 409 711 1178 54 2123 1056 2247
1758 1318 453 1260 1495 2148 1947 1718 2330 299 1019 2334 1932 28 1511 1875 179 752 635 1692 1367 822 370 84 0
1981 1812 1459 1357 208 1673 1194 626 518 393 541 1775 1529 1021 1891 1299 434 907 334 2431 1397 1803 579 1639 30
2193 113 1914 1763 1520 260 1549 1345 568 372 2358 1676 2412 2122 1418 1690 743 2241 1319 1154 270 237 399 1558 25
1429 1247 1254 1317 1958 2081 418 1479 257 2355 13 2120 1095 2064 1503 1857 776 803 75 693 1034 1634 940 379 116
1462 559 340 2136 2293 1054 304 2113 2327 368 2428 506 2415 775 1989 811 363 2254 814 1831 1452 1122 139 836 143
1688 490 663 2383 482 582 1700 1567 2387 1545 1706 2304 292 911 712 2033 1222 771 2067 487 1570 411 2116 98 0
1979 100 282 1984 1242 586 2227 1518 1304 1564 32 0 0 0 0 0 0 0 0 0 0 0 0 0 0
2100 1463 1901 1760 1604 2053 1286 1951 2371 1491 1371 310 1205 1141 1585 2032 1966 313 475 1789 1201 1309 1278 115 79
2201 657 349 2340 720 1403 516 2347 513 1155 955 426 816 2269 832 1388 613 2429 1450 338 466 1121 2145 2015 17
2399 1209 1909 2341 211 680 614 1577 707 1745 405 2364 2127 1632 2288 2243 222 1716 407 639 2011 380 1992 890 20
1982 333 1461 2299 719 266 2400 2142 1120 829 840 431 474 2042 2352 456 2092 839 517 1512 779 2435 1321 1220 1018
2285 2109 1340 698 2202 560 1816 804 1747 2161 2252 1713 2117 1615 781 2155 2419 774 82 2163 1822 1944 1540 1563 1530
1361 1844 1913 454 1030 1594 2427 1622 1576 2078 552 951 880 279 1784 273 1430 1560 1393 468 2058 1553 446 929 196
354 2106 43 1229 1787 2065 611 1040 1232 2413 876 1219 1482 667 961 1682 171 2029 2307 1532 2267 406 1647 1330 679
956 2408 596 2256 155 1000 696 1926 1876 1798 259 2162 917 391 669 737 1730 2150 358 402 458 107 1582 2019 2147
1978 924 2260 92 721 1214 2185 1498 2375 1694 2344 827 258 1092 1749 1402 1858 1923 1799 2363 1714 1731 2091 246 177
702 1655 375 2258 210 366 495 1543 1636 899 1306 1864 1645 1031 1752 2024 1327 511 1888 1368 620 169 2062 39 137
1683 1320 593 1934 673 1350 812 1365 1455 2356 933 365 1440 2021 271 1028 1960 808 404 677 83 2312 253 77 103
2424 1528 983 867 472 2098 2212 1067 1055 1689 1502 964 241 766 973 757 871 1086 403 855 2126 2236 59 61 1233
1110 277 981 455 1833 1933 2380 1096 624 537 1379 1144 195 2240 417 108 1256 1719 1124 1501 413 2433 2002 2331 1139
510 1977 1464 2298 1860 464 2242 2177 1998 1052 1671 267 1866 2001 919 789 2289 330 49 186 1140 323 1221 641 1709
1108 1666 346 106 1481 1648 1504 2325 898 441 2209 708 724 1098 233 1184 2324 221 1026 575 2189 1420 1940 1045 2174
1119 1661 348 1307 2292 2128 1851 1048 1173 873 2097 129 1331 121 2044 1828 2010 1084 38 1619 1428 126 16 573 203
987 2102 986 452 1132 501 508 385 729 70 2338 1899 1734 1843 2414 762 1375 1884 425 1392 68 972 99 193 199
1351 527 204 1376 2210 1188 1291 772 336 140 753 2294 81 795 615 838 2437 736 2134 1008 659 821 256 44 1744
722 1711 2055 2167 1568 374 1159 703 1697 1270 161 974 2157 401 1190 1344 925 647 2093 1244 1126 739 2336 723 96
2225 250 590 2172 327 2186 733 746 1970 302 787 2158 1820 2218 971 557 2229 1200 1494 42 1732 584 1898 62 97
1339 2305 1359 1736 741 1785 1969 1727 1033 2187 2310 489 1948 897 1166 2228 45 1587 318 9 90 0 0 0 0
2170 1919 2333 2165 377 751 2052 2410 1047 909 2005 2391 1988 296 844 486 2232 1093 1557 725 571 2386 1163 311 149
316 2107 2345 1886 371 1533 2265 875 1081 228 886 284 1275 1565 2153 2416 1531 231 539 415 1125 1918 1373 554 10
1902 791 2164 2300 1014 1920 1294 2200 1583 535 1643 382 1391 1630 1776 1148 2131 570 2273 2351 1288 778 133 6 0

nodes 200
592 596 377 2377 507 1073 1482 1226 542 1124 1714 1436 23
599 1551 2214 706 1437 2237 78 701 1605 2020 805 0 0
1976 1804 532 1129 892 1434 258 1366 629 234 48 1023 0
1351 859 1215 733 1970 886 1529 1418 378 2134 623 105 0
1908 2396 361 549 749 249 2036 2044 1148 82 1452 1522 0
375 593 420 2135 2160 13 1820 233 1293 1879 1518 104 0
2103 435 2137 1196 944 2252 1133 2414 681 1138 622 479 0
1417 2144 212 1739 144 1371 1514 2335 437 1708 1383 648 0
2110 345 1814 1159 1047 2005 1535 1471 925 1476 359 953 0
1069 353 721 1404 2311 658 1095 1781 2175 1468 270 905 0
1664 2085 412 1920 1697 161 2127 1784 1863 908 571 102 0
2250 1335 1834 1211 2277 1631 1275 1346 2016 609 237 1449 0
2393 791 1210 1443 1805 1896 2321 973 824 1842 1122 1967 0
2046 1773 874 2282 566 1936 650 2003 251 1624 45 2051 0
1660 1318 1085 2030 305 1713 799 1690 313 1590 1731 1639 0
1145 2018 1681 2440 369 2382 759 615 1984 2146 145 18 0
966 1903 1030 1157 1718 631 261 1279 1477 1456 1126 1467 0
1579 2333 1016 960 481 841 1965 2099 2438 1640 2351 2398 0
2170 424 1816 2371 252 2156 67 1815 1393 1823 505 0 0
2408 1768 813 291 429 2196 543 2352 1131 38 1125 220 0
1656 1909 1729 785 994 951 121 938 2069 782 1312 890 0
438 861 1474 731 577 2120 529 962 1884 2319 380 115 0
50 1788 2081 1044 1847 1895 1362 273 221 471 1570 246 0
1665 1913 560 1845 2355 2291 1792 1410 1401 157 972 1330 0
1661 653 603 2124 683 312 996 1524 2254 402 469 2015 0
1818 1349 1303 804 494 1019 332 564 636 1392 1367 2019 0
1109 1963 1617 134 1444 643 1098 1187 1466 1789 1753 193 0
190 360 2053 1446 1974 952 1724 1606 1538 2363 169 573 0
1112 2340 1495 1947 2387 129 2048 2213 2241 186 107 39 0
461 672 1652 2251 368 200 528 456 736 693 126 44 0
655 793 1574 826 1261 763 1046 780 1222 1193 1944 641 0
1106 384 2322 1053 1534 708 1846 1412 2215 1501 2236 1045 0
1116 869 464 1700 2330 1706 2365 274 809 2283 125 2331 0
1108 454 482 1067 2111 2278 292 1079 2039 87 1634 1056 0
1117 455 331 385 2078 2231 1855 548 1228 2306 2435 1925 0
2223 452 410 1614 678 1447 795 1281 1610 711 323 851 0
1113 394 2262 700 946 2149 1633 734 1993 931 2339 2270 0
1111 1017 1277 835 689 1448 395 1828 179 677 1420 1872 0
521 453 1087 688 70 964 1141 1511 388 1072 2433 2281 0
1110 868 1601 1025 873 1899 766 2329 774 376 1894 379 0
1114 867 414 934 53 1189 1843 1241 86 635 1445 77 0
1105 451 1648 540 110 1916 280 1856 1086 1937 1890 929 0
896 2341 1493 1048 676 267 1013 232 1777 2067 2023 1220 0
1107 216 1594 932 1491 1070 1218 2050 1084 12 646 1563 0
1119 197 2343 2004 664 1973 1701 2155 2367 2342 114 1372 0
1115 870 1054 2113 1386 882 491 712 66 575 1295 61 0
1118 806 397 1951 1689 1715 306 1623 1548 1821 704 1526 0
1104 858 2128 2177 670 310 444 1094 634 1035 1271 2082 0
1680 1376 1597 1622 1052 654 2240 762 462 1008 19 88 0
2100 92 2434 2325 2439 1515 977 1184 1421 1619 1300 76 0
1950 1188 903 441 506 1382 2032 1942 2163 1825 51 0 0
1757 999 794 852 522 1389 1703 838 2397 855 2179 662 0
2049 2297 260 1146 1051 1929 2042 243 428 1360 26 1593 0
1902 1962 2294 279 757 819 1824 268 2022 0 0 0 0
2193 2259 1964 2173 492 14 1374 46 275 2191 1078 239 0
2221 772 372 735 1874 235 547 769 2354 621 0 0 0
1688 978 293 153 2064 1490 888 534 821 1432 0 0 0
2220 697 524 140 770 500 1849 1424 958 726 1546 0 0
1980 600 1345 355 1676 948 2332 1710 1027 54 2309 0 0
2285 2165 1150 1589 537 1144 2001 2313 180 562 1006 754 0
2130 1886 386 288 2346 431 1615 1809 1653 1089 1553 123 0
2421 2164 266 2000 1353 236 1206 1158 2006 2378 589 11 0
1999 632 1933 2142 810 1743 276 286 1004 1512 2312 315 0
1741 36 1000 968 2076 1156 1505 2038 1453 2287 65 151 0
2422 740 1182 1096 829 1628 800 915 1608 468 2315 269 0
1429 2167 240 591 1407 2138 775 1298 2199 95 89 1143 0
2426 512 2389 1926 1798 2162 391 811 1560 467 1938 1952 0
303 663 366 1577 2413 1219 667 1299 1867 1489 612 131 0
2404 2151 680 1180 617 1253 1289 2243 907 692 488 1060 0
2201 162 2065 1040 393 2197 941 1959 1603 445 443 295 0
2037 2298 1214 1543 1155 2364 1632 854 1149 758 416 191 0
2399 1934 991 2366 1811 1559 1889 1388 2429 2376 509 147 0
777 887 756 1083 642 1217 788 939 2233 320 463 1029 0
2424 1326 618 626 2207 1775 1021 519 1100 201 1470 1695 0
1859 2171 1673 2347 1425 2159 1735 2024 2029 990 317 55 0
321 2257 1403 1882 899 1864 1031 1682 1716 1996 329 671 0
1273 1229 747 936 2317 493 364 1024 2129 1066 392 2276 0
987 2258 913 2017 1745 426 2269 773 839 2047 1454 58 0
2411 2255 1355 2264 2246 1880 1092 625 511 585 576 1995 0
2423 2299 786 1204 1801 1287 2362 551 937 845 1672 2083 0
1462 2204 1686 885 1283 2112 1595 1402 1231 2432 1236 1020 0
2425 2182 556 1498 1694 827 2188 1924 1923 558 1588 1826 0
1957 2256 485 1607 2028 883 1136 2348 2353 1348 2041 367 0
2417 1357 764 2040 572 1203 1807 1198 563 2337 31 2248 0
1361 1971 1 1130 928 1542 2035 1566 1068 1199 1292 1168 0
2226 339 2388 324 2284 644 2094 1693 1887 1699 1649 0 0
1733 1248 935 1043 979 185 314 255 2301 2286 1486 0 0
1332 949 1813 242 856 1001 1380 727 967 1569 0 0 0
1912 694 132 904 2121 842 0 0 0 0 0 0 0
1758 846 796 561 710 1795 1691 1917 1062 2361 0 0 0
205 1581 818 2394 1748 1039 2008 2268 2217 1782 40 0 0
1339 264 1415 567 483 0 0 0 0 0 0 0 0
354 2172 2305 1314 1005 1061 1740 164 850 1717 1496 165 0
294 751 1736 1785 1727 2187 489 897 2228 1587 9 0 0
510 1762 1183 1263 1192 398 1426 2153 776 75 1201 969 97
272 374 2410 909 2391 296 486 1093 725 2386 311 0 0
1662 1907 1892 1786 2271 1406 2122 1071 330 1368 1309 1780 10
847 1650 1014 703 1270 974 401 1344 647 1244 739 723 0
1978 863 1274 1750 715 1509 699 1431 289 1646 1223 2143 6
1325 1602 2265 2200 787 816 2359 546 1497 943 1955 96 0
277 2345 436 1975 744 2295 2157 574 2323 2133 1397 1176 149
865 594 1358 1258 995 1500 1932 2357 2115 1722 466 530 90
2108 351 207 1457 1576 640 1866 1186 1430 460 1179 319 150
1669 2055 1101 2326 1488 254 1521 1627 803 580 1732 942 130
1667 1910 1414 1365 1885 660 1865 52 2150 338 2249 1416 74
722 148 2054 2176 2239 499 498 2092 1956 645 60 37 0
1399 862 1968 223 1754 2344 724 1630 198 49 487 2061 142
1320 1257 1572 1851 2025 552 1988 28 1216 136 2238 1871 173
1668 1162 1598 665 287 365 1033 781 1948 954 2132 1075 93
1658 1174 2098 2074 1675 1422 674 2314 2232 2216 1537 439 174
1659 590 1135 1687 383 2088 419 1390 916 1009 1972 2 91
1977 1759 920 1720 301 1442 2211 1609 613 404 1692 1861 163
473 340 213 2212 1055 1502 2280 682 238 356 408 1310 160
1356 226 849 1806 2338 880 607 1738 578 2011 1137 63 0
1384 1883 247 525 1508 1313 229 1585 2026 1381 1943 308 7
1297 1764 1212 2400 476 1545 1726 1674 1858 520 68 328 73
1657 1770 2292 1225 1120 2097 2021 1064 1527 1151 2267 1827 109
85 204 1860 1549 1485 1696 1329 1873 1238 403 1986 1413 154
183 1341 1852 1286 257 2205 1510 1790 1171 771 465 1819 57
1463 1262 1578 244 1091 606 1142 789 1719 2431 1803 370 187
1844 1337 901 2427 336 299 2374 755 94 1026 458 396 24
950 1333 1707 889 1712 1398 382 2372 808 2274 2181 1041 111
1227 349 1181 1153 729 470 713 919 581 358 56 2123 172
993 490 1958 1230 1704 2209 628 605 2229 1202 620 188 156
113 1901 1840 304 1853 1379 2412 2070 171 2350 2328 881 47
2105 352 210 2072 297 1296 1003 926 2418 2402 2184 1525 4
1654 1911 895 448 1081 535 2430 745 222 1473 1822 1841 146
2407 43 245 2405 2356 2266 440 2073 1487 1532 1121 790 823
2349 651 673 1195 1747 1354 879 271 1322 1596 1428 1433 1915
1683 2261 1604 2409 568 992 1170 1441 434 1547 309 1419 1185
2222 720 2114 894 2244 1439 2057 1850 1282 797 1641 1552 0
2056 985 1838 1519 602 877 536 601 5 1506 1076 2272 2178
1247 350 211 1983 1550 1671 914 1989 1642 517 1405 2390 189
2106 344 2168 2235 1239 1301 848 911 1531 752 2126 565 128
1364 71 1839 1099 1173 1011 2415 1059 1088 1677 2012 970 119
1711 893 214 1779 2180 335 533 1635 1305 891 1523 545 72
853 1763 1568 459 1613 1990 2194 1752 219 2195 1034 1321 820
767 1340 1556 516 1991 1015 1625 961 225 1580 80 1540 1618
878 357 327 918 2075 840 1377 1123 1591 475 413 940 170
2109 347 1787 825 1128 675 1725 263 282 1242 2227 1304 2031
630 982 209 514 1161 1243 1032 1637 387 2368 1953 2263 902
817 343 208 1438 1539 1728 2381 1266 830 2140 1737 322 1290
1555 988 719 2370 1492 1451 910 1755 684 1949 1036 1237 2303
250 986 206 449 1946 1878 1516 544 1363 828 2234 1065 300
1090 2260 1837 283 1232 732 1862 1240 1224 1799 779 59 118
1919 984 716 502 927 2154 2245 1259 1685 1702 281 192 1074
738 981 717 1395 2068 432 1499 550 2079 2096 1252 1791 1817
1981 1774 2300 989 1010 714 1022 884 2014 750 1140 446 175
957 341 2166 812 531 526 496 656 2437 1472 912 99 588
956 2136 1575 611 1636 504 1323 792 2033 478 1175 184 1387
1945 686 1050 2242 798 690 2334 1749 447 2385 1793 256 430
945 1772 1520 614 1152 2369 1645 2373 1327 748 2189 1221 1400
1480 1905 2383 1504 2327 138 1734 1028 1058 523 637 2091 1746
2406 106 1012 2380 1876 638 1080 381 433 34 2183 1940 1994
924 1765 2384 730 1455 1626 1800 906 652 768 326 2002 2320
702 1307 2379 685 218 2358 2395 1891 1562 2420 1586 253 168
2107 980 155 1378 746 302 2158 2218 557 1200 42 584 783
587 1756 1409 278 898 837 1097 832 743 2089 872 16 112
2102 1342 959 975 1235 285 834 844 2198 1177 337 1992 1160
1042 1350 801 691 2086 2401 1308 2010 2190 35 1582 1561 0
1460 597 1208 2066 1961 1698 1679 182 1272 2436 101 2062 2247
1037 864 503 290 2375 666 195 965 998 1127 1483 202 84
1464 598 2202 1234 1370 1536 1927 608 325 539 1264 2145 30
657 346 1475 508 2080 2203 1251 1870 1302 1494 178 1647 25
423 1761 2302 1194 450 1796 1854 1503 2219 425 2059 1478 116
1893 866 616 2185 1352 1928 2118 1620 1868 1651 1941 822 143
1655 1769 472 1783 1408 1611 230 1265 2141 409 2058 117 98
1616 348 215 265 1369 1921 2117 1484 1172 477 1513 1278 79
141 22 1833 2186 875 228 1643 1391 1776 2131 415 1288 20
1459 595 2293 1869 2043 922 705 2275 2289 1877 831 2152 17
2101 983 1835 1533 1294 1583 284 1565 2416 231 2273 1918 196
1797 1338 15 696 2027 930 963 1280 627 583 1721 579 1018
527 2296 1808 418 668 427 1881 1077 307 1166 659 1987 1530
2084 1767 815 1897 442 122 81 2288 363 1888 1931 1002 679
1465 127 833 649 1311 1848 1147 1249 1966 407 373 1898 2147
1600 1914 1592 1479 1082 1063 947 1102 1960 921 480 166 177
2104 342 1778 1830 497 2013 619 2192 538 390 1276 807 137
1766 1254 1638 29 1998 2428 2304 362 784 765 802 1705 199
1209 1904 1599 761 857 224 2279 1829 871 1557 1178 399 203
316 1316 1544 2125 2034 917 417 569 158 633 760 1139 0
559 1334 1213 2052 741 1969 1440 2392 1394 2093 1985 139 1744
120 1336 1836 1573 1435 248 2007 2310 2419 400 1922 318 1233
2045 976 1132 582 2230 661 687 1802 604 1169 69 1163 1709
1982 1771 1165 1930 513 1250 474 1427 1375 1319 217 2336 2174
1751 1347 2318 1517 518 1057 241 421 1167 1584 21 1255 103
1663 1396 1260 1291 1385 933 923 669 2090 1450 1678 695 32
333 1317 1481 1315 1684 405 1205 737 2071 1831 181 2116 3
2077 1760 1207 2148 2139 259 2060 900 2316 570 2290 1373 41
1461 1458 371 1285 707 955 1742 971 1256 135 1900 298 610
1670 176 501 1571 2161 1832 1134 1507 2324 334 1328 997 1049
1666 8 2009 1629 1939 1935 422 1857 742 1469 406 159 1810
2225 718 495 624 1324 843 1190 1954 2307 1267 778 27 0
860 1411 1269 2095 2360 541 1331 1794 1875 2087 83 411 2063
1541 64 1007 484 1567 876 555 108 553 586 152 167 33
1644 1906 1612 1038 1197 1306 1423 100 1997 194 2206 2119 124
1812 698 262 1621 227 515 2208 1268 1730 814 389 1564 62
1528 1343 2169 1359 2308 1245 728 1103 1554 1154 1723 1558 554
1191 2253 2210 1164 457 753 2403 709 1284 639 1246 836 133
1979 0 0 0 0 0 0 0 0 0 0 0 0
2224 0 0 0 0 0 0 0 0 0 0 0 0

